          # temp (meV) =   25.85203
    0.3182938716E+01    0.1671405804E-03
    0.3182938716E+01    0.1685138694E-03
    0.6081950526E+01    0.4672558875E-03
    0.6304267774E+02    0.2003138141E+00
    0.6304267774E+02    0.2077245443E+00
    0.6307083323E+02    0.2085909950E+00
    0.4291032261E+01    0.4478965977E-03
    0.4291032261E+01    0.4319916122E-03
    0.6278316285E+01    0.3289099736E-03
    0.6292851589E+02    0.1771898152E+00
    0.6292851589E+02    0.1954283278E+00
    0.6313820704E+02    0.1670224094E+00
    0.1060201427E-05    0.0000000000E+00
    0.1121517302E-05    0.0000000000E+00
    0.1175302675E-05    0.0000000000E+00
    0.6319824551E+02    0.2778364267E+00
    0.6319824551E+02    0.2766832174E+00
    0.6319824551E+02    0.2741394980E+00
    0.4707651823E+01    0.2505903430E-03
    0.6007577801E+01    0.9014806110E-03
    0.9514909509E+01    0.1638168214E-02
    0.6270476615E+02    0.1625234288E+00
    0.6284459092E+02    0.1769733052E+00
    0.6288227709E+02    0.1941410167E+00
    0.6284489833E+01    0.8562213954E-03
    0.6585212548E+01    0.1203162436E-02
    0.1091530009E+02    0.1929614971E-02
    0.6252359999E+02    0.1727891081E+00
    0.6253893922E+02    0.1797580814E+00
    0.6291291679E+02    0.1930180833E+00
    0.6058508526E+01    0.6785222339E-03
    0.6058508526E+01    0.6416179063E-03
    0.1201856368E+02    0.3341365256E-02
    0.6261767325E+02    0.1930153129E+00
    0.6261767325E+02    0.2024088932E+00
    0.6267013107E+02    0.1590323132E+00
    0.7103927368E+01    0.6650915470E-03
    0.8518843179E+01    0.2333668303E-02
    0.1451424733E+02    0.4452741226E-02
    0.6217976906E+02    0.1711596050E+00
    0.6235387140E+02    0.1838268277E+00
    0.6239505386E+02    0.1773592636E+00
    0.8496530995E+01    0.1532742754E-02
    0.8704033395E+01    0.2207247038E-02
    0.1624275261E+02    0.7118830226E-02
    0.6193035296E+02    0.1580084002E+00
    0.6194139532E+02    0.1652381757E+00
    0.6237996344E+02    0.1787632956E+00
    0.8388781119E+01    0.1604564228E-02
    0.8388781119E+01    0.1523531327E-02
    0.1769889727E+02    0.1232730447E-01
    0.6195763171E+02    0.1993309259E+00
    0.6203434321E+02    0.1944538633E+00
    0.6203434321E+02    0.1662715959E+00
    0.9244240335E+01    0.1541806158E-02
    0.1039222569E+02    0.3802852533E-02
    0.1972391523E+02    0.1465195622E-01
    0.6145508122E+02    0.1680712736E+00
    0.6160069472E+02    0.1679303173E+00
    0.6181192965E+02    0.1737291275E+00
    0.1029021047E+02    0.3852173306E-02
    0.1042809495E+02    0.2699248978E-02
    0.2145622713E+02    0.1458528089E-01
    0.6107452192E+02    0.1543183724E+00
    0.6129870886E+02    0.1926164498E+00
    0.6170003755E+02    0.1909072627E+00
    0.1006667362E+02    0.2805658815E-02
    0.1006667362E+02    0.2841455108E-02
    0.2306435219E+02    0.1814306496E-01
    0.6091116887E+02    0.1858993191E+00
    0.6143428810E+02    0.1894035625E+00
    0.6143428810E+02    0.1793613316E+00
    0.1082376718E+02    0.2797426625E-02
    0.1167029668E+02    0.4827515459E-02
    0.2477178118E+02    0.2065205328E-01
    0.6023301085E+02    0.1447397729E+00
    0.6106488226E+02    0.1610877785E+00
    0.6122861711E+02    0.1774837114E+00
    0.1133583620E+02    0.4856601136E-02
    0.1183177689E+02    0.3654871711E-02
    0.2642428784E+02    0.3632708419E-01
    0.5981862605E+02    0.1400292312E+00
    0.6076909908E+02    0.1518916351E+00
    0.6112764257E+02    0.1693632535E+00
    0.1114800806E+02    0.4068708335E-02
    0.1114800806E+02    0.3920381146E-02
    0.2809993506E+02    0.3091379084E-01
    0.5955070006E+02    0.1283793640E+00
    0.6093868692E+02    0.1641288137E+00
    0.6093868692E+02    0.1662640284E+00
    0.1183840132E+02    0.3687734052E-02
    0.1248739444E+02    0.6353885859E-02
    0.2956601469E+02    0.4346319781E-01
    0.5873000028E+02    0.1004101462E+00
    0.6067522016E+02    0.1520926555E+00
    0.6075082065E+02    0.1554808035E+00
    0.1200951033E+02    0.6212962910E-02
    0.1272838831E+02    0.4711714745E-02
    0.3111305804E+02    0.5295850357E-01
    0.5825519127E+02    0.9295586284E-01
    0.6041996507E+02    0.1417619192E+00
    0.6071890548E+02    0.1456490736E+00
    0.1182054929E+02    0.5593005561E-02
    0.1182054929E+02    0.5262252233E-02
    0.3280249146E+02    0.8739264739E-01
    0.5793283656E+02    0.7521832872E-01
    0.6060947530E+02    0.1570666138E+00
    0.6060947530E+02    0.1531122442E+00
    0.1245005758E+02    0.5245297827E-02
    0.1304791012E+02    0.7206286140E-02
    0.3406475268E+02    0.1072812597E+00
    0.5702227177E+02    0.7638256566E-01
    0.6042965598E+02    0.1361942132E+00
    0.6045228717E+02    0.1372234903E+00
    0.1251646226E+02    0.7542971202E-02
    0.1328254345E+02    0.6130926544E-02
    0.3548950780E+02    0.8562421827E-01
    0.5648648545E+02    0.6560754608E-01
    0.6025048478E+02    0.1395567433E+00
    0.6046979313E+02    0.1442641500E+00
    0.1229800004E+02    0.7308230540E-02
    0.1229800004E+02    0.6814785666E-02
    0.3714313144E+02    0.1014498655E+00
    0.5612006782E+02    0.5057682277E-01
    0.6044231142E+02    0.1318960805E+00
    0.6044231142E+02    0.1353976152E+00
    0.1286222008E+02    0.7446434224E-02
    0.1350531883E+02    0.8072483581E-02
    0.3820263211E+02    0.1171696178E+00
    0.5516757864E+02    0.5273285187E-01
    0.6026098267E+02    0.1525725717E+00
    0.6036254646E+02    0.1390766538E+00
    0.1296243708E+02    0.8614407852E-02
    0.1366950263E+02    0.8157688537E-02
    0.3947470270E+02    0.1452314472E+00
    0.5457706887E+02    0.4125864788E-01
    0.6020368147E+02    0.1591501253E+00
    0.6035386390E+02    0.1468060256E+00
    0.1269648575E+02    0.8385842012E-02
    0.1269648575E+02    0.8184343088E-02
    0.4103507729E+02    0.2219968154E+00
    0.5416191251E+02    0.3616310796E-01
    0.6038864711E+02    0.1649589002E+00
    0.6038864711E+02    0.1613571700E+00
    0.1319291745E+02    0.8610058296E-02
    0.1388392218E+02    0.9258077919E-02
    0.4184386441E+02    0.2393209275E+00
    0.5321870469E+02    0.2443496698E-01
    0.6020378809E+02    0.1614661677E+00
    0.6034496175E+02    0.1510547448E+00
    0.1331507175E+02    0.9074619452E-02
    0.1396625359E+02    0.9965126697E-02
    0.4288838007E+02    0.2215046059E+00
    0.5260937976E+02    0.2292410663E-01
    0.6020801443E+02    0.1617921418E+00
    0.6032556613E+02    0.1510626557E+00
    0.1299510166E+02    0.8921045492E-02
    0.1299510166E+02    0.9372966682E-02
    0.4424817822E+02    0.1242522920E+00
    0.5218507104E+02    0.2074285703E-01
    0.6038780216E+02    0.1519862901E+00
    0.6038780216E+02    0.1595708895E+00
    0.1342775708E+02    0.8729441640E-02
    0.1411490124E+02    0.9733613596E-02
    0.4460910425E+02    0.9496722877E-01
    0.5142648624E+02    0.1858106407E-01
    0.6020344167E+02    0.1612576347E+00
    0.6034448291E+02    0.1745620314E+00
    0.1348406489E+02    0.8983160422E-02
    0.1413763077E+02    0.9520074331E-02
    0.4513368555E+02    0.8018518969E-01
    0.5105233395E+02    0.1431066525E-01
    0.6021248436E+02    0.1734025860E+00
    0.6033489990E+02    0.1585784862E+00
    0.1310913690E+02    0.9428553270E-02
    0.1310913690E+02    0.9473361477E-02
    0.4582159945E+02    0.6047394990E-01
    0.5103952626E+02    0.8902855557E-02
    0.6039322970E+02    0.1760616014E+00
    0.6039322970E+02    0.1757593511E+00
    0.8179092209E+01    0.1960223796E-02
    0.8179092209E+01    0.1939782537E-02
    0.1244644358E+02    0.1141907752E-02
    0.6212036187E+02    0.1722270448E+00
    0.6212036187E+02    0.1571649352E+00
    0.6290405693E+02    0.1934446511E+00
    0.7887089142E+01    0.1316458014E-02
    0.9120438954E+01    0.3302237218E-02
    0.1436234932E+02    0.3192510441E-02
    0.6201943777E+02    0.1730555586E+00
    0.6204058646E+02    0.1793900467E+00
    0.6261750627E+02    0.1940613347E+00
    0.9903599785E+01    0.3569517503E-02
    0.9959272896E+01    0.2937008966E-02
    0.1627039168E+02    0.4465694701E-02
    0.6150414651E+02    0.1665608126E+00
    0.6150660949E+02    0.1566941152E+00
    0.6254664989E+02    0.1969526547E+00
    0.9740341173E+01    0.1995409860E-02
    0.1124035811E+02    0.5129361293E-02
    0.1874930013E+02    0.1035876428E-01
    0.6127707496E+02    0.1645661154E+00
    0.6143716898E+02    0.1684659706E+00
    0.6202065580E+02    0.1974482082E+00
    0.1127812696E+02    0.4871854866E-02
    0.1185490397E+02    0.4184221831E-02
    0.2067472357E+02    0.1073422345E-01
    0.6073824069E+02    0.1441764062E+00
    0.6083276034E+02    0.1470559736E+00
    0.6188728454E+02    0.1972248685E+00
    0.1130873626E+02    0.3412775151E-02
    0.1279599178E+02    0.5743475847E-02
    0.2335521043E+02    0.1644093844E-01
    0.6020011529E+02    0.1397047611E+00
    0.6088187505E+02    0.1471823416E+00
    0.6134065606E+02    0.1946679564E+00
    0.1221017757E+02    0.5688961482E-02
    0.1357429423E+02    0.4467240645E-02
    0.2509194511E+02    0.1944730447E-01
    0.5968686667E+02    0.1350170278E+00
    0.6026489526E+02    0.1619110548E+00
    0.6117497567E+02    0.1593526109E+00
    0.1234860268E+02    0.5230364402E-02
    0.1391903172E+02    0.6203737981E-02
    0.2789693976E+02    0.3585750164E-01
    0.5877778781E+02    0.1162905829E+00
    0.6043223028E+02    0.1507165556E+00
    0.6080459750E+02    0.1499790469E+00
    0.1283117773E+02    0.7544655171E-02
    0.1487223191E+02    0.6767952466E-02
    0.2939206274E+02    0.4264707146E-01
    0.5823858328E+02    0.1106390945E+00
    0.5989536319E+02    0.1488897227E+00
    0.6066146598E+02    0.1450100303E+00
    0.1299061294E+02    0.6263338002E-02
    0.1469008685E+02    0.8205374161E-02
    0.3226328828E+02    0.6672474030E-01
    0.5710966565E+02    0.9380683516E-01
    0.6012768449E+02    0.1478417461E+00
    0.6046442344E+02    0.1488913720E+00
    0.1332951412E+02    0.8704264182E-02
    0.1572028492E+02    0.9022473915E-02
    0.3352064730E+02    0.8972568397E-01
    0.5650967255E+02    0.9435161074E-01
    0.5972692554E+02    0.1396911058E+00
    0.6035366483E+02    0.1509797564E+00
    0.1344862462E+02    0.8190795335E-02
    0.1521047120E+02    0.9236068837E-02
    0.3636277893E+02    0.9728102731E-01
    0.5529743253E+02    0.7106619149E-01
    0.5995900921E+02    0.1368791487E+00
    0.6029376177E+02    0.1350417430E+00
    0.1379747693E+02    0.9729645966E-02
    0.1623349250E+02    0.1120849610E-01
    0.3738586456E+02    0.1119824932E+00
    0.5463234340E+02    0.5882823332E-01
    0.5969289753E+02    0.1610767577E+00
    0.6019847003E+02    0.1398868068E+00
    0.1382096614E+02    0.8702680933E-02
    0.1558315312E+02    0.1093816815E-01
    0.4005493467E+02    0.2094705841E+00
    0.5340687238E+02    0.3330823010E-01
    0.5989103033E+02    0.1536161078E+00
    0.6023404746E+02    0.1423169504E+00
    0.1418879734E+02    0.1079100069E-01
    0.1654679843E+02    0.1382969243E-01
    0.4080397155E+02    0.2395403968E+00
    0.5270631706E+02    0.2633481655E-01
    0.5970773471E+02    0.1688855941E+00
    0.6015135475E+02    0.1369407399E+00
    0.1409012093E+02    0.9925119760E-02
    0.1583216108E+02    0.1199463796E-01
    0.4304572643E+02    0.2308977800E+00
    0.5159010084E+02    0.2994712059E-01
    0.5988045901E+02    0.1631041916E+00
    0.6022228783E+02    0.1367604389E+00
    0.1440382496E+02    0.1057323366E-01
    0.1672248556E+02    0.1693511371E-01
    0.4334539148E+02    0.2000089426E+00
    0.5100926760E+02    0.2100856536E-01
    0.5971244299E+02    0.1807199406E+00
    0.6016885033E+02    0.1435858115E+00
    0.1419141127E+02    0.1101403060E-01
    0.1592243044E+02    0.1256813885E-01
    0.4442016232E+02    0.1184416641E+00
    0.5062563429E+02    0.1643145712E-01
    0.5988374539E+02    0.1621269927E+00
    0.6022148197E+02    0.1514966468E+00
    0.1439929662E+02    0.1068220879E-01
    0.1674618269E+02    0.1574818672E-01
    0.4385027749E+02    0.1494850805E+00
    0.5057496242E+02    0.1870261832E-01
    0.5969563542E+02    0.1593340769E+00
    0.6020996505E+02    0.1414183865E+00
    0.1422464934E+02    0.9816031123E-02
    0.1659291692E+02    0.1570646242E-01
    0.4184979239E+02    0.2591009309E+00
    0.5184551771E+02    0.2723558555E-01
    0.5968906861E+02    0.1564729075E+00
    0.6024929700E+02    0.1456200425E+00
    0.1396329802E+02    0.7603980340E-02
    0.1628366652E+02    0.1363975739E-01
    0.3862495280E+02    0.1381549078E+00
    0.5362924933E+02    0.4507570364E-01
    0.5974774208E+02    0.1719067752E+00
    0.6029017960E+02    0.1295904882E+00
    0.1362770747E+02    0.6730383843E-02
    0.1586845201E+02    0.1229546110E-01
    0.3481642441E+02    0.1167848259E+00
    0.5544859346E+02    0.8274877831E-01
    0.5992661010E+02    0.1569327504E+00
    0.6036434828E+02    0.1218599138E+00
    0.1310280131E+02    0.4901138251E-02
    0.1534323391E+02    0.1157724851E-01
    0.3066618415E+02    0.4917571917E-01
    0.5722580076E+02    0.1158875146E+00
    0.6026046790E+02    0.1849955076E+00
    0.6051653611E+02    0.1369155821E+00
    0.1220161740E+02    0.2950974617E-02
    0.1457770854E+02    0.8653212164E-02
    0.2633385542E+02    0.2836999170E-01
    0.5891227464E+02    0.1367678687E+00
    0.6074726857E+02    0.1647038729E+00
    0.6078329535E+02    0.1428588250E+00
    0.1079872171E+02    0.1916313549E-02
    0.1332477904E+02    0.6496583173E-02
    0.2199313534E+02    0.1373259821E-01
    0.6041056773E+02    0.1446368606E+00
    0.6117450257E+02    0.1509494822E+00
    0.6133613555E+02    0.1784235847E+00
    0.8966285747E+01    0.1191953679E-02
    0.1130903187E+02    0.5555225909E-02
    0.1792546082E+02    0.9032823081E-02
    0.6159283746E+02    0.1687794618E+00
    0.6166224192E+02    0.1888114824E+00
    0.6192789031E+02    0.1867974515E+00
    0.1131521765E+02    0.5141057161E-02
    0.1131521765E+02    0.5065209923E-02
    0.1840905889E+02    0.4788964147E-02
    0.6085149560E+02    0.1385797991E+00
    0.6085149560E+02    0.1311087751E+00
    0.6239721579E+02    0.1939024823E+00
    0.1115418591E+02    0.4064436445E-02
    0.1200169621E+02    0.5285096570E-02
    0.1943180126E+02    0.8344505537E-02
    0.6073444717E+02    0.1634110450E+00
    0.6090877369E+02    0.1561045587E+00
    0.6211287934E+02    0.1857511051E+00
    0.1248397087E+02    0.5900572710E-02
    0.1283885694E+02    0.5337934590E-02
    0.2166298629E+02    0.7872451911E-02
    0.6010239287E+02    0.1340274836E+00
    0.6013780959E+02    0.1430596298E+00
    0.6188963854E+02    0.1818023802E+00
    0.1245142804E+02    0.4912323868E-02
    0.1384633186E+02    0.6918493432E-02
    0.2307100821E+02    0.1259850918E-01
    0.5977131623E+02    0.1497296437E+00
    0.6035544090E+02    0.1428660154E+00
    0.6141265527E+02    0.1799620481E+00
    0.1328597551E+02    0.7586336957E-02
    0.1470797099E+02    0.8715349286E-02
    0.2513421159E+02    0.1309075055E-01
    0.5923377856E+02    0.1327803889E+00
    0.5953595145E+02    0.1777056260E+00
    0.6114634760E+02    0.1649372533E+00
    0.1336303629E+02    0.6981368430E-02
    0.1551826243E+02    0.9044427215E-02
    0.2684702151E+02    0.2274622168E-01
    0.5854968454E+02    0.1362056460E+00
    0.5990146217E+02    0.1469145385E+00
    0.6072604635E+02    0.1605351744E+00
    0.1383163509E+02    0.8614124979E-02
    0.1657371889E+02    0.1344116690E-01
    0.2857234174E+02    0.2994174938E-01
    0.5804118274E+02    0.1318635977E+00
    0.5915272906E+02    0.1349356572E+00
    0.6048106718E+02    0.1545285308E+00
    0.1395835441E+02    0.8536593212E-02
    0.1684350075E+02    0.1308343360E-01
    0.3064099800E+02    0.5604497721E-01
    0.5700648315E+02    0.1163002933E+00
    0.5958278317E+02    0.1317949133E+00
    0.6028088342E+02    0.1612429984E+00
    0.1429957744E+02    0.1079867628E-01
    0.1808342511E+02    0.1634052106E-01
    0.3197843430E+02    0.7040906182E-01
    0.5644424347E+02    0.9257569164E-01
    0.5899200490E+02    0.1295620667E+00
    0.6008809303E+02    0.1445069349E+00
    0.1443077699E+02    0.1078159825E-01
    0.1773512094E+02    0.1489272659E-01
    0.3436628778E+02    0.9767956477E-01
    0.5524018725E+02    0.7817440947E-01
    0.5940988270E+02    0.1526792101E+00
    0.6005974244E+02    0.1342611858E+00
    0.1477236228E+02    0.1236770680E-01
    0.1909041205E+02    0.1710135875E-01
    0.3533930756E+02    0.1119407816E+00
    0.5459846650E+02    0.6444531010E-01
    0.5897648753E+02    0.1557469024E+00
    0.5991171549E+02    0.1371188922E+00
    0.1484590993E+02    0.1249509307E-01
    0.1826902659E+02    0.1667330113E-01
    0.3786919674E+02    0.1386658788E+00
    0.5337591013E+02    0.4191579639E-01
    0.5934357094E+02    0.1564223511E+00
    0.5997680700E+02    0.1243358488E+00
    0.1518998501E+02    0.1240696546E-01
    0.1965120785E+02    0.1789089008E-01
    0.3849466053E+02    0.1566959923E+00
    0.5266936846E+02    0.3125942045E-01
    0.5900564931E+02    0.1611159209E+00
    0.5987068178E+02    0.1180420539E+00
    0.1515364822E+02    0.1212483331E-01
    0.1856140281E+02    0.1777946941E-01
    0.4086784460E+02    0.2668036052E+00
    0.5155556669E+02    0.2308572683E-01
    0.5932546388E+02    0.1644919354E+00
    0.5996848330E+02    0.1282368186E+00
    0.1544072411E+02    0.1319944618E-01
    0.1990077174E+02    0.2050677429E-01
    0.4107175899E+02    0.2767495158E+00
    0.5087623182E+02    0.2638990063E-01
    0.5901074488E+02    0.1544083895E+00
    0.5991207407E+02    0.1178021904E+00
    0.1528564261E+02    0.1329076074E-01
    0.1867863708E+02    0.1950207048E-01
    0.4273019544E+02    0.2443109212E+00
    0.5023688036E+02    0.1900364375E-01
    0.5931111501E+02    0.1489312074E+00
    0.5999763823E+02    0.1165601691E+00
    0.1547677351E+02    0.1247235804E-01
    0.1994043095E+02    0.2097688023E-01
    0.4226334642E+02    0.2585096517E+00
    0.4984704991E+02    0.2335401741E-01
    0.5898158812E+02    0.1495204719E+00
    0.5999628208E+02    0.1027541258E+00
    0.1522947271E+02    0.1244724808E-01
    0.1863574590E+02    0.1881209196E-01
    0.4235427858E+02    0.2572779124E+00
    0.5041234223E+02    0.2228246998E-01
    0.5929288574E+02    0.1468590954E+00
    0.6004333358E+02    0.1130487892E+00
    0.1534979607E+02    0.1206960459E-01
    0.1981831975E+02    0.2145861524E-01
    0.4120649502E+02    0.2982356725E+00
    0.5035594000E+02    0.2692356657E-01
    0.5896087332E+02    0.1458391383E+00
    0.6009396358E+02    0.1071323017E+00
    0.1503478684E+02    0.1160711750E-01
    0.1843736677E+02    0.1800565612E-01
    0.4000530956E+02    0.2114376325E+00
    0.5183176002E+02    0.2927226266E-01
    0.5930745944E+02    0.1454079671E+00
    0.6009307348E+02    0.1146945681E+00
    0.1514647203E+02    0.1023584535E-01
    0.1956523267E+02    0.2173353249E-01
    0.3856700526E+02    0.1644007933E+00
    0.5179131284E+02    0.3148661567E-01
    0.5901714518E+02    0.1671672358E+00
    0.6019292442E+02    0.1096159673E+00
    0.1475388809E+02    0.9700386588E-02
    0.1809432362E+02    0.1826762756E-01
    0.3673821542E+02    0.1114736963E+00
    0.5357659051E+02    0.5916793936E-01
    0.5941401798E+02    0.1575283637E+00
    0.6015153307E+02    0.1261699545E+00
    0.1488015841E+02    0.8274356959E-02
    0.1919830573E+02    0.2093850477E-01
    0.3520442415E+02    0.1289580437E+00
    0.5347965323E+02    0.5403204245E-01
    0.5921285918E+02    0.1453469288E+00
    0.6029914181E+02    0.1094514517E+00
    0.1436822652E+02    0.7233897949E-02
    0.1758614876E+02    0.1700827083E-01
    0.3303566676E+02    0.8536207922E-01
    0.5536555573E+02    0.9276069702E-01
    0.5966645169E+02    0.1553258082E+00
    0.6024342748E+02    0.1150913746E+00
    0.1443818784E+02    0.5764795710E-02
    0.1865284039E+02    0.2057075057E-01
    0.3153579805E+02    0.6110052348E-01
    0.5526899476E+02    0.8543714842E-01
    0.5957967038E+02    0.1771716329E+00
    0.6042873279E+02    0.1150178547E+00
    0.1375958781E+02    0.5330260154E-02
    0.1681453250E+02    0.1534505014E-01
    0.2915684299E+02    0.4176959014E-01
    0.5713204359E+02    0.1286911997E+00
    0.6008913524E+02    0.1664324806E+00
    0.6040729060E+02    0.1254983682E+00
    0.1364459556E+02    0.4240208070E-02
    0.1769547370E+02    0.1923108993E-01
    0.2789493966E+02    0.3413448099E-01
    0.5711300633E+02    0.1472239788E+00
    0.6010439963E+02    0.1732813535E+00
    0.6060231034E+02    0.1256091582E+00
    0.1276290115E+02    0.3729497405E-02
    0.1560586182E+02    0.1194707185E-01
    0.2532944311E+02    0.1856464819E-01
    0.5879207041E+02    0.1359667561E+00
    0.6058124060E+02    0.1377431039E+00
    0.6076033113E+02    0.1754518353E+00
    0.1239715820E+02    0.2609985315E-02
    0.1595839442E+02    0.1367389520E-01
    0.2465084712E+02    0.1910282536E-01
    0.5889312478E+02    0.1432047425E+00
    0.6072474086E+02    0.1802870528E+00
    0.6084409437E+02    0.1501722043E+00
    0.1133347001E+02    0.2821988889E-02
    0.1375738614E+02    0.7681221244E-02
    0.2179710683E+02    0.1273063964E-01
    0.6021330696E+02    0.1662241116E+00
    0.6097559495E+02    0.1465404624E+00
    0.6140851635E+02    0.1666737559E+00
    0.1349256991E+02    0.7611866683E-02
    0.1349256991E+02    0.8070425139E-02
    0.2409985046E+02    0.8176372355E-02
    0.5938616168E+02    0.1441063747E+00
    0.5938616168E+02    0.1406782049E+00
    0.6158034300E+02    0.1801868632E+00
    0.1358253448E+02    0.7144241817E-02
    0.1414472416E+02    0.9022544901E-02
    0.2450935689E+02    0.9939077158E-02
    0.5920213693E+02    0.1448966825E+00
    0.5958080174E+02    0.1423902950E+00
    0.6132610565E+02    0.1707804162E+00
    0.1417711756E+02    0.8870060616E-02
    0.1471198511E+02    0.1018667909E-01
    0.2692753917E+02    0.1267755159E-01
    0.5866190576E+02    0.1350486085E+00
    0.5875917567E+02    0.1518841172E+00
    0.6095387818E+02    0.1566801908E+00
    0.1440239194E+02    0.9737108841E-02
    0.1592637064E+02    0.1253200656E-01
    0.2743144006E+02    0.1735249477E-01
    0.5817690894E+02    0.1520810280E+00
    0.5916899955E+02    0.1278027237E+00
    0.6058329803E+02    0.1425561547E+00
    0.1464368735E+02    0.1155351294E-01
    0.1661649421E+02    0.1537244034E-01
    0.2962353470E+02    0.3272922897E-01
    0.5777783219E+02    0.1306807017E+00
    0.5836960215E+02    0.1543193691E+00
    0.6021478338E+02    0.1290251342E+00
    0.1493281561E+02    0.1141522802E-01
    0.1791749365E+02    0.1609209389E-01
    0.3029623966E+02    0.4706344973E-01
    0.5688114709E+02    0.1286619153E+00
    0.5888770751E+02    0.1151583059E+00
    0.5998501014E+02    0.1576912612E+00
    0.1507097974E+02    0.1365243834E-01
    0.1878937976E+02    0.2119789135E-01
    0.3210460534E+02    0.7872698702E-01
    0.5645360900E+02    0.1150629873E+00
    0.5821984575E+02    0.1423694804E+00
    0.5970595426E+02    0.1315696821E+00
    0.1539250643E+02    0.1214551791E-01
    0.1961198807E+02    0.2008433233E-01
    0.3316069763E+02    0.1052724509E+00
    0.5523687987E+02    0.9096734253E-01
    0.5873078082E+02    0.1398867038E+00
    0.5969011727E+02    0.1319589001E+00
    0.1553730494E+02    0.1342247217E-01
    0.2070868667E+02    0.2065050707E-01
    0.3450369820E+02    0.1051513754E+00
    0.5469525757E+02    0.6954085012E-01
    0.5822325126E+02    0.1740986770E+00
    0.5950391107E+02    0.1218151625E+00
    0.1582912578E+02    0.1355395963E-01
    0.2075745479E+02    0.1907285825E-01
    0.3604229558E+02    0.1240376608E+00
    0.5337714926E+02    0.5341166014E-01
    0.5867045885E+02    0.1489961836E+00
    0.5960347077E+02    0.1208839965E+00
    0.1597043379E+02    0.1640687399E-01
    0.2201992394E+02    0.2017743131E-01
    0.3692233763E+02    0.1392844471E+00
    0.5272155855E+02    0.3693079520E-01
    0.5826646774E+02    0.1528574382E+00
    0.5948920284E+02    0.1154141877E+00
    0.1616870059E+02    0.1645056419E-01
    0.2136929373E+02    0.1960917640E-01
    0.3874720772E+02    0.1793754115E+00
    0.5148623644E+02    0.2737089681E-01
    0.5864589096E+02    0.1627823998E+00
    0.5962250255E+02    0.1041954227E+00
    0.1624556779E+02    0.1630537188E-01
    0.2268040467E+02    0.2190143601E-01
    0.3917891837E+02    0.1992120827E+00
    0.5076959219E+02    0.3050474436E-01
    0.5827119734E+02    0.1484087540E+00
    0.5957435021E+02    0.9859349291E-01
    0.1633005834E+02    0.1626589714E-01
    0.2159736260E+02    0.2077481788E-01
    0.4077802630E+02    0.2974745082E+00
    0.4988633262E+02    0.2506453232E-01
    0.5861072377E+02    0.1526797740E+00
    0.5969707889E+02    0.1025009594E+00
    0.1630924303E+02    0.1755196804E-01
    0.2286387533E+02    0.2066217883E-01
    0.4066990618E+02    0.3044939274E+00
    0.4927029026E+02    0.2807205316E-01
    0.5822665446E+02    0.1503429250E+00
    0.5971130546E+02    0.9405376430E-01
    0.1630740187E+02    0.1626614605E-01
    0.2158080949E+02    0.2233855549E-01
    0.4121202049E+02    0.3111675640E+00
    0.4932480510E+02    0.3398083398E-01
    0.5856802176E+02    0.1516633247E+00
    0.5980099972E+02    0.9537890106E-01
    0.1621594550E+02    0.1479262342E-01
    0.2276928518E+02    0.2183215684E-01
    0.4044847230E+02    0.2884886234E+00
    0.4899784715E+02    0.2963580204E-01
    0.5818545011E+02    0.1404058791E+00
    0.5987005321E+02    0.8860764202E-01
    0.1616252839E+02    0.1377729896E-01
    0.2140040749E+02    0.2223223996E-01
    0.3963669070E+02    0.2017021017E+00
    0.5016120912E+02    0.2813685161E-01
    0.5856946152E+02    0.1455104523E+00
    0.5991479484E+02    0.9481583208E-01
    0.1605781040E+02    0.1358274692E-01
    0.2252830814E+02    0.2279999793E-01
    0.3847787363E+02    0.1822563385E+00
    0.4996644123E+02    0.3046963056E-01
    0.5823228659E+02    0.1481567380E+00
    0.6003235544E+02    0.8833971904E-01
    0.1594658602E+02    0.1126809979E-01
    0.2108121589E+02    0.2295499175E-01
    0.3689951453E+02    0.1451821528E+00
    0.5165766761E+02    0.3655140180E-01
    0.5868598573E+02    0.1408505165E+00
    0.6002770613E+02    0.1000043453E+00
    0.1585027948E+02    0.1137776019E-01
    0.2216480481E+02    0.2145680407E-01
    0.3564299574E+02    0.1325312699E+00
    0.5146545809E+02    0.3971276020E-01
    0.5844307132E+02    0.1576558744E+00
    0.6018883697E+02    0.8567304758E-01
    0.1562247891E+02    0.9225462055E-02
    0.2056464308E+02    0.2174959889E-01
    0.3370067678E+02    0.1006382527E+00
    0.5336598377E+02    0.5808570973E-01
    0.5897394602E+02    0.1529873056E+00
    0.6013900936E+02    0.1001094512E+00
    0.1548032891E+02    0.8390098700E-02
    0.2150736194E+02    0.2162070729E-01
    0.3259945574E+02    0.6729346427E-01
    0.5320698799E+02    0.5901255239E-01
    0.5885142779E+02    0.1682603781E+00
    0.6033359866E+02    0.9121057185E-01
    0.1505723845E+02    0.7105397308E-02
    0.1965094946E+02    0.2557902893E-01
    0.3047995053E+02    0.4449592262E-01
    0.5518767107E+02    0.8790943652E-01
    0.5944915369E+02    0.1586972260E+00
    0.6025603452E+02    0.1042842839E+00
    0.1477555016E+02    0.6223258202E-02
    0.2012876256E+02    0.2479340046E-01
    0.2990000650E+02    0.4555778012E-01
    0.5512949910E+02    0.8175571288E-01
    0.5943234253E+02    0.1607229847E+00
    0.6046593768E+02    0.1150963948E+00
    0.1410584205E+02    0.5127977297E-02
    0.1803227453E+02    0.1971592889E-01
    0.2763085389E+02    0.2838678086E-01
    0.5704936732E+02    0.1565195529E+00
    0.6006940456E+02    0.1744457880E+00
    0.6039979299E+02    0.1199050124E+00
    0.1476225404E+02    0.1169434151E-01
    0.1476225404E+02    0.1135332566E-01
    0.2947987565E+02    0.3288775796E-01
    0.5811821545E+02    0.1369758644E+00
    0.5811821545E+02    0.1505999668E+00
    0.6049049875E+02    0.1423891919E+00
    0.1509305036E+02    0.1090145374E-01
    0.1547978663E+02    0.1217133208E-01
    0.2948387256E+02    0.3128744897E-01
    0.5783159605E+02    0.1438405540E+00
    0.5838024677E+02    0.1291661165E+00
    0.6030564228E+02    0.1313277200E+00
    0.1515090771E+02    0.1388489930E-01
    0.1576346936E+02    0.1315127680E-01
    0.3196871074E+02    0.6394281442E-01
    0.5754403442E+02    0.1304420057E+00
    0.5772626327E+02    0.1494912926E+00
    0.5979690608E+02    0.1342632075E+00
    0.1564200336E+02    0.1345542393E-01
    0.1729326262E+02    0.1866688753E-01
    0.3181331381E+02    0.6456789320E-01
    0.5682668737E+02    0.1411063689E+00
    0.5817693249E+02    0.1295614287E+00
    0.5961829626E+02    0.1391886887E+00
    0.1552798791E+02    0.1480869059E-01
    0.1772919567E+02    0.2147686958E-01
    0.3407818351E+02    0.9581037082E-01
    0.5659306818E+02    0.1242235131E+00
    0.5758357554E+02    0.1498117499E+00
    0.5919804878E+02    0.1308698988E+00
    0.1607803328E+02    0.1570575496E-01
    0.1957699940E+02    0.2315366425E-01
    0.3387043507E+02    0.9583626990E-01
    0.5540780082E+02    0.9967844139E-01
    0.5806669256E+02    0.1472640036E+00
    0.5922472716E+02    0.1241811828E+00
    0.1597312522E+02    0.1770848074E-01
    0.2014929397E+02    0.2450385758E-01
    0.3579817187E+02    0.1149405406E+00
    0.5500976335E+02    0.8063964554E-01
    0.5759840805E+02    0.1492139034E+00
    0.5897372124E+02    0.1197393602E+00
    0.1651862841E+02    0.1906352846E-01
    0.2165845049E+02    0.2166898287E-01
    0.3580163520E+02    0.1245220437E+00
    0.5357916945E+02    0.5669676283E-01
    0.5802136716E+02    0.1382444119E+00
    0.5913617450E+02    0.1198041077E+00
    0.1640584950E+02    0.2064047200E-01
    0.2238870416E+02    0.2109201939E-01
    0.3730945805E+02    0.1390147301E+00
    0.5299780311E+02    0.4607430565E-01
    0.5765011634E+02    0.1495657638E+00
    0.5900559391E+02    0.1071778077E+00
    0.1687607789E+02    0.2281091318E-01
    0.2310381339E+02    0.2048925937E-01
    0.3774215564E+02    0.1682305072E+00
    0.5156290504E+02    0.2976959139E-01
    0.5799358319E+02    0.1420128046E+00
    0.5920100640E+02    0.9837033364E-01
    0.1669006530E+02    0.2272335970E-01
    0.2394917472E+02    0.2001911729E-01
    0.3879584712E+02    0.1863854931E+00
    0.5084074311E+02    0.3010334033E-01
    0.5765324341E+02    0.1388385764E+00
    0.5915576011E+02    0.8721427801E-01
    0.1705796565E+02    0.2261264435E-01
    0.2381687470E+02    0.2030590032E-01
    0.3951412844E+02    0.2197956547E+00
    0.4965145271E+02    0.3199978780E-01
    0.5794007526E+02    0.1342103619E+00
    0.5933512344E+02    0.8572475716E-01
    0.1676723884E+02    0.2153803684E-01
    0.2468785972E+02    0.2051901615E-01
    0.4009385423E+02    0.2504173693E+00
    0.4888867980E+02    0.3152311986E-01
    0.5759404915E+02    0.1557055285E+00
    0.5935886529E+02    0.8289853698E-01
    0.1705886467E+02    0.2091081495E-01
    0.2398127480E+02    0.2068342549E-01
    0.4040441810E+02    0.2996699067E+00
    0.4842258517E+02    0.4160200118E-01
    0.5787126335E+02    0.1415561402E+00
    0.5950211439E+02    0.7997697065E-01
    0.1669533980E+02    0.1912517295E-01
    0.2481058167E+02    0.1954356503E-01
    0.4039726865E+02    0.2936570927E+00
    0.4785163015E+02    0.4923768235E-01
    0.5753031030E+02    0.1498122243E+00
    0.5958150496E+02    0.7802787684E-01
    0.1694782972E+02    0.1903785704E-01
    0.2383211025E+02    0.2183101035E-01
    0.3956000505E+02    0.2298807639E+00
    0.4858937890E+02    0.3746843360E-01
    0.5785191209E+02    0.1611337246E+00
    0.5968040172E+02    0.8222069664E-01
    0.1657278888E+02    0.1568556704E-01
    0.2460428328E+02    0.1947124144E-01
    0.3902926793E+02    0.2083878498E+00
    0.4829549065E+02    0.3580454982E-01
    0.5756017078E+02    0.1524141653E+00
    0.5980415426E+02    0.6811325658E-01
    0.1677749803E+02    0.1613913518E-01
    0.2349792112E+02    0.2095851017E-01
    0.3737179253E+02    0.1696379838E+00
    0.4979411946E+02    0.3365294021E-01
    0.5796644565E+02    0.1583753922E+00
    0.5985495028E+02    0.7376565191E-01
    0.1641669838E+02    0.1300738427E-01
    0.2418303335E+02    0.1916660126E-01
    0.3670398168E+02    0.1503265984E+00
    0.4961211679E+02    0.3421944273E-01
    0.5777512315E+02    0.1499773568E+00
    0.6001346460E+02    0.7093148081E-01
    0.1650052657E+02    0.1276503238E-01
    0.2290888121E+02    0.1982428189E-01
    0.3473678499E+02    0.1215604622E+00
    0.5140273562E+02    0.4108591131E-01
    0.5827755622E+02    0.1597217006E+00
    0.6001379974E+02    0.7884336833E-01
    0.1611065241E+02    0.1081990914E-01
    0.2331614912E+02    0.1972614114E-01
    0.3434564424E+02    0.1123296335E+00
    0.5128822934E+02    0.4620981233E-01
    0.5821633255E+02    0.1607237664E+00
    0.6019503593E+02    0.8205466328E-01
    0.1597342738E+02    0.9418839086E-02
    0.2174151127E+02    0.2130960117E-01
    0.3230190381E+02    0.6344761001E-01
    0.5322380977E+02    0.6134385639E-01
    0.5879326033E+02    0.1621828490E+00
    0.6014643772E+02    0.9013459362E-01
    0.1546563607E+02    0.1639337545E-01
    0.1546563607E+02    0.1601695021E-01
    0.3451338350E+02    0.7482644790E-01
    0.5733267141E+02    0.1471276777E+00
    0.5733267141E+02    0.1409198505E+00
    0.5915518451E+02    0.1017957251E+00
    0.1598473604E+02    0.1386252494E-01
    0.1625284896E+02    0.1524749569E-01
    0.3425825580E+02    0.8549731737E-01
    0.5686231708E+02    0.1446632763E+00
    0.5757808878E+02    0.1242970949E+00
    0.5912854141E+02    0.1190578032E+00
    0.1577988203E+02    0.1759720991E-01
    0.1640838622E+02    0.1690702486E-01
    0.3670563376E+02    0.9966310207E-01
    0.5682922437E+02    0.1216214066E+00
    0.5718827642E+02    0.1502418248E+00
    0.5849103353E+02    0.1102176849E+00
    0.1646614577E+02    0.1909772982E-01
    0.1813912311E+02    0.2365699356E-01
    0.3611669918E+02    0.9871158540E-01
    0.5573034002E+02    0.1039470821E+00
    0.5754683792E+02    0.1269834541E+00
    0.5866122812E+02    0.1226645470E+00
    0.1618050974E+02    0.2285486886E-01
    0.1843613744E+02    0.2684856531E-01
    0.3836215215E+02    0.1286820979E+00
    0.5547841489E+02    0.8761455675E-01
    0.5720229009E+02    0.1444470063E+00
    0.5829800409E+02    0.9504421100E-01
    0.1689167546E+02    0.2255400238E-01
    0.2058882732E+02    0.2640681579E-01
    0.3754874028E+02    0.1256554220E+00
    0.5399419392E+02    0.6931967019E-01
    0.5752993775E+02    0.1392724421E+00
    0.5858118946E+02    0.1064549036E+00
    0.1658724447E+02    0.2473311543E-01
    0.2093801165E+02    0.2762792383E-01
    0.3952230375E+02    0.1848430423E+00
    0.5347174776E+02    0.5653786336E-01
    0.5725408768E+02    0.1152925827E+00
    0.5842191443E+02    0.9407233063E-01
    0.1724663499E+02    0.2534937429E-01
    0.2286769966E+02    0.2193555954E-01
    0.3873079830E+02    0.1713755507E+00
    0.5186749153E+02    0.3775001293E-01
    0.5750362470E+02    0.1342461358E+00
    0.5870793677E+02    0.8541115324E-01
    0.1685865395E+02    0.2793934796E-01
    0.2324251664E+02    0.2522763871E-01
    0.4038656830E+02    0.2037761347E+00
    0.5114406542E+02    0.3637288656E-01
    0.5725520236E+02    0.1336749579E+00
    0.5865913324E+02    0.7902655347E-01
    0.1743319568E+02    0.2431834039E-01
    0.2446449961E+02    0.2233576218E-01
    0.3985085817E+02    0.2116356269E+00
    0.4964446371E+02    0.3297070428E-01
    0.5743773083E+02    0.1282079588E+00
    0.5891473829E+02    0.6894641952E-01
    0.1693311011E+02    0.2687988670E-01
    0.2483870350E+02    0.2062235297E-01
    0.4115844056E+02    0.2415886451E+00
    0.4878929670E+02    0.3738592347E-01
    0.5718719088E+02    0.1309659295E+00
    0.5894164674E+02    0.7435761791E-01
    0.1744600878E+02    0.2265533332E-01
    0.2521269743E+02    0.2065980105E-01
    0.4071012940E+02    0.2907192075E+00
    0.4778142025E+02    0.4725285465E-01
    0.5734756835E+02    0.1376803190E+00
    0.5915194556E+02    0.6240337861E-01
    0.1687146225E+02    0.2312594811E-01
    0.2556566578E+02    0.1865710122E-01
    0.4156126160E+02    0.2694200648E+00
    0.4698974485E+02    0.6050957593E-01
    0.5710626274E+02    0.1385555151E+00
    0.5923608082E+02    0.6465159852E-01
    0.1735867275E+02    0.2194759963E-01
    0.2530368099E+02    0.1898396036E-01
    0.4038126622E+02    0.2826532075E+00
    0.4719038401E+02    0.5483519859E-01
    0.5730607165E+02    0.1429332004E+00
    0.5939481028E+02    0.6619506126E-01
    0.1677680689E+02    0.1867984920E-01
    0.2561925548E+02    0.1922279603E-01
    0.4056398462E+02    0.2931126540E+00
    0.4682879545E+02    0.6158397424E-01
    0.5711659962E+02    0.1461043080E+00
    0.5952164425E+02    0.7135986171E-01
    0.1722459909E+02    0.1986141013E-01
    0.2499660892E+02    0.1991017428E-01
    0.3862008845E+02    0.2102138849E+00
    0.4808202292E+02    0.3727750208E-01
    0.5740969716E+02    0.1524551731E+00
    0.5962823534E+02    0.6779508566E-01
    0.1666592962E+02    0.1620277364E-01
    0.2520793657E+02    0.1845584351E-01
    0.3854458013E+02    0.2153355354E+00
    0.4799189260E+02    0.3743137003E-01
    0.5732220214E+02    0.1621818181E+00
    0.5978511314E+02    0.6668642942E-01
    0.1698901401E+02    0.1566429357E-01
    0.2430440489E+02    0.1827583596E-01
    0.3647002560E+02    0.1478109421E+00
    0.4961259344E+02    0.3507951323E-01
    0.5773087918E+02    0.1629591262E+00
    0.5983978374E+02    0.6504908348E-01
    0.1602198631E+02    0.2012371788E-01
    0.1602198631E+02    0.1912998655E-01
    0.3914750844E+02    0.1365628760E+00
    0.5703450478E+02    0.1490427490E+00
    0.5703450478E+02    0.1458253190E+00
    0.5753033922E+02    0.8953844154E-01
    0.1664195537E+02    0.2044696338E-01
    0.1681609858E+02    0.2383031950E-01
    0.3873200428E+02    0.1330786330E+00
    0.5605253067E+02    0.1017087659E+00
    0.5720976262E+02    0.1372603113E+00
    0.5799670423E+02    0.1141196582E+00
    0.1635308453E+02    0.2442929723E-01
    0.1698159260E+02    0.2605124079E-01
    0.4105572477E+02    0.1707177887E+00
    0.5589282444E+02    0.8544244505E-01
    0.5703746738E+02    0.1291893922E+00
    0.5748140260E+02    0.1270608385E+00
    0.1709033487E+02    0.2588107550E-01
    0.1875158977E+02    0.3022290363E-01
    0.4019792894E+02    0.1839839714E+00
    0.5445825431E+02    0.7499520535E-01
    0.5725132870E+02    0.1295312405E+00
    0.5795888416E+02    0.1116696261E+00
    0.1670426834E+02    0.2936403616E-01
    0.1898902752E+02    0.3100855196E-01
    0.4233620457E+02    0.1466758483E+00
    0.5392989921E+02    0.5972009883E-01
    0.5708278083E+02    0.1225553288E+00
    0.5778043688E+02    0.1032831569E+00
    0.1741665204E+02    0.2760962796E-01
    0.2120597324E+02    0.2895049319E-01
    0.4115273933E+02    0.1850363996E+00
    0.5230761843E+02    0.4730427159E-01
    0.5723629626E+02    0.1181873006E+00
    0.5816131079E+02    0.1036016306E+00
    0.1693802978E+02    0.2907743423E-01
    0.2140510180E+02    0.3171993081E-01
    0.4306954485E+02    0.1542933668E+00
    0.5155168091E+02    0.4871046956E-01
    0.5708347773E+02    0.1171812126E+00
    0.5811352177E+02    0.9102636600E-01
    0.1758733363E+02    0.2753526952E-01
    0.2346091400E+02    0.2544294901E-01
    0.4179811555E+02    0.1959988789E+00
    0.4987235047E+02    0.4009584639E-01
    0.5716678540E+02    0.1216939418E+00
    0.5844396637E+02    0.8552621714E-01
    0.1699254706E+02    0.3125228968E-01
    0.2359623979E+02    0.2884601616E-01
    0.4348212384E+02    0.1628680291E+00
    0.4895142250E+02    0.4237615091E-01
    0.5701636382E+02    0.1222587851E+00
    0.5847320919E+02    0.6532018482E-01
    0.1759840354E+02    0.2585213731E-01
    0.2502255152E+02    0.2258414131E-01
    0.4231885174E+02    0.2121275462E+00
    0.4748872659E+02    0.5210094163E-01
    0.5706506484E+02    0.1296106762E+00
    0.5875509454E+02    0.7435865353E-01
    0.1692946076E+02    0.2483480245E-01
    0.2510386851E+02    0.2283673751E-01
    0.4372395141E+02    0.1626388936E+00
    0.4651112210E+02    0.7373152092E-01
    0.5693052960E+02    0.1180562499E+00
    0.5884214597E+02    0.6721728755E-01
    0.1752572088E+02    0.2415887568E-01
    0.2571723048E+02    0.2019079836E-01
    0.4217871243E+02    0.2310523406E+00
    0.4607226852E+02    0.9141743216E-01
    0.5700639940E+02    0.1337702981E+00
    0.5906694661E+02    0.6354509933E-01
    0.1685288958E+02    0.2176561186E-01
    0.2576149630E+02    0.2002067850E-01
    0.4265935099E+02    0.2128279570E+00
    0.4580297929E+02    0.1123315059E+00
    0.5692744828E+02    0.1191662601E+00
    0.5919732408E+02    0.6565481206E-01
    0.1742159801E+02    0.2278842799E-01
    0.2567717880E+02    0.1892155235E-01
    0.4052334330E+02    0.2848741306E+00
    0.4663671342E+02    0.6261454907E-01
    0.5709402237E+02    0.1424592465E+00
    0.5936163538E+02    0.6729126464E-01
    0.1660270116E+02    0.2867910287E-01
    0.1660270116E+02    0.2955410751E-01
    0.4332760251E+02    0.1209361245E+00
    0.5553511869E+02    0.7008937110E-01
    0.5702678640E+02    0.1355493249E+00
    0.5702678640E+02    0.1283251646E+00
    0.1723737608E+02    0.2836773421E-01
    0.1733572756E+02    0.2706038790E-01
    0.4281399329E+02    0.1310452505E+00
    0.5461569424E+02    0.7378481284E-01
    0.5712992521E+02    0.1162338134E+00
    0.5741454892E+02    0.1245143606E+00
    0.1687970388E+02    0.3218629594E-01
    0.1751581104E+02    0.3303129922E-01
    0.4495969329E+02    0.1255254395E+00
    0.5396161011E+02    0.5905380580E-01
    0.5706461553E+02    0.1415352971E+00
    0.5725560852E+02    0.1322931115E+00
    0.1755125707E+02    0.3043717207E-01
    0.1922664214E+02    0.3543894633E-01
    0.4393662115E+02    0.1425168755E+00
    0.5261035976E+02    0.4969548594E-01
    0.5716153865E+02    0.9665835619E-01
    0.5763093535E+02    0.1092266725E+00
    0.1705837919E+02    0.3256020396E-01
    0.1938855502E+02    0.3882756977E-01
    0.4591159009E+02    0.1101126179E+00
    0.5176203232E+02    0.4654523552E-01
    0.5706841668E+02    0.9646665540E-01
    0.5760203180E+02    0.1268816600E+00
    0.1768567434E+02    0.2878123776E-01
    0.2156055195E+02    0.3318662911E-01
    0.4451186907E+02    0.1410275511E+00
    0.5015652317E+02    0.4297074469E-01
    0.5710069165E+02    0.1148582664E+00
    0.5795700218E+02    0.8867057121E-01
    0.1707917584E+02    0.3364869125E-01
    0.2163468734E+02    0.3159488310E-01
    0.4629282276E+02    0.8387861429E-01
    0.4916036447E+02    0.3699991569E-01
    0.5701183708E+02    0.1195227893E+00
    0.5799326624E+02    0.8970131738E-01
    0.1768018547E+02    0.3123785624E-01
    0.2368885233E+02    0.2640384901E-01
    0.4477334189E+02    0.1469151445E+00
    0.4749693570E+02    0.4899511191E-01
    0.5699913654E+02    0.1129546157E+00
    0.5832589800E+02    0.8065061943E-01
    0.1700220211E+02    0.2721047098E-01
    0.2368757846E+02    0.2841647418E-01
    0.4634819242E+02    0.7723081196E-01
    0.4640863721E+02    0.6723709030E-01
    0.5693492848E+02    0.1013916911E+00
    0.5841728383E+02    0.7857719743E-01
    0.1761042514E+02    0.3044573272E-01
    0.2515231022E+02    0.2136403013E-01
    0.4441602124E+02    0.1405422722E+00
    0.4553388181E+02    0.9504894531E-01
    0.5693312675E+02    0.1238656462E+00
    0.5870518824E+02    0.6645478600E-01
    0.1708352558E+02    0.3221225751E-01
    0.1708352558E+02    0.3144688192E-01
    0.4703400173E+02    0.7194231815E-01
    0.5312228912E+02    0.4237932791E-01
    0.5710053547E+02    0.1199330637E+00
    0.5710053547E+02    0.1375440969E+00
    0.1769460206E+02    0.3444710629E-01
    0.1773657770E+02    0.3404208204E-01
    0.4645532411E+02    0.9101082704E-01
    0.5240071459E+02    0.4078809287E-01
    0.5717012789E+02    0.1225527741E+00
    0.5727664345E+02    0.1238110059E+00
    0.1720357182E+02    0.3436448796E-01
    0.1784981453E+02    0.3742860920E-01
    0.4840642717E+02    0.2463684752E-01
    0.5141358645E+02    0.2665753954E-01
    0.5711211155E+02    0.1189132590E+00
    0.5725235091E+02    0.1218714540E+00
    0.1779850916E+02    0.3213350747E-01
    0.1949924057E+02    0.3873488229E-01
    0.4727046236E+02    0.5060217664E-01
    0.5018414415E+02    0.2917257964E-01
    0.5715377059E+02    0.1000280633E+00
    0.5752458138E+02    0.1125409744E+00
    0.1718292130E+02    0.3570205003E-01
    0.1953727603E+02    0.3788225931E-01
    0.4892692726E+02    0.2513039766E-01
    0.4919918884E+02    0.2982541323E-01
    0.5707159738E+02    0.1146428431E+00
    0.5756675498E+02    0.1189912267E+00
    0.1776243914E+02    0.3212603678E-01
    0.2167842040E+02    0.3160301693E-01
    0.4738547716E+02    0.4623236317E-01
    0.4768583952E+02    0.4271590661E-01
    0.5706246135E+02    0.1004574823E+00
    0.5789914011E+02    0.1055589831E+00
    0.1727067235E+02    0.3626779042E-01
    0.1727067235E+02    0.3546334601E-01
    0.5028953229E+02    0.1741087183E-01
    0.5028953677E+02    0.1635794941E-01
    0.5713637616E+02    0.1252234806E+00
    0.5713637616E+02    0.1263401023E+00
    0.1787781580E+02    0.3695565134E-01
    0.1787781582E+02    0.3551792616E-01
    0.4965283360E+02    0.2064748658E-01
    0.4965283799E+02    0.2071600470E-01
    0.5722729250E+02    0.1144040847E+00
    0.5722729257E+02    0.1027587101E+00
    0.1378062647E+02    0.5089263978E-02
    0.1584635856E+02    0.1327953199E-01
    0.2573525649E+02    0.1589854402E-01
    0.5849443391E+02    0.1551140789E+00
    0.6002150188E+02    0.1283428701E+00
    0.6072005560E+02    0.1708401989E+00
    0.1481281387E+02    0.8013242743E-02
    0.1764821045E+02    0.1878448499E-01
    0.2864152833E+02    0.2859283118E-01
    0.5698222106E+02    0.1397133080E+00
    0.5974379061E+02    0.1274424711E+00
    0.6008361094E+02    0.1562995249E+00
    0.1547335821E+02    0.9946132469E-02
    0.1908120516E+02    0.2141113987E-01
    0.3175971952E+02    0.6603269497E-01
    0.5529492468E+02    0.9231127779E-01
    0.5933120903E+02    0.1348339536E+00
    0.5983312584E+02    0.1226990836E+00
    0.1592166735E+02    0.1193093132E-01
    0.2004523178E+02    0.2048491392E-01
    0.3496417894E+02    0.1226843819E+00
    0.5351829110E+02    0.5811646927E-01
    0.5900796146E+02    0.1450693054E+00
    0.5975793447E+02    0.1275492611E+00
    0.1625426685E+02    0.1518515103E-01
    0.2060849800E+02    0.2156030517E-01
    0.3800618684E+02    0.1574308948E+00
    0.5174596096E+02    0.3179474584E-01
    0.5884752646E+02    0.1341408047E+00
    0.5972011485E+02    0.1114194092E+00
    0.1647459601E+02    0.1649788853E-01
    0.2089272556E+02    0.2125194651E-01
    0.4046319072E+02    0.2699703966E+00
    0.5017929215E+02    0.2544636082E-01
    0.5879330197E+02    0.1442345083E+00
    0.5969549859E+02    0.9996763856E-01
    0.1655313436E+02    0.1720216232E-01
    0.2097909219E+02    0.2035553393E-01
    0.4151648220E+02    0.2899589655E+00
    0.4944745370E+02    0.3245118415E-01
    0.5878401703E+02    0.1429589170E+00
    0.5968565184E+02    0.1002111239E+00
    0.1571579196E+02    0.1011009490E-01
    0.1731975820E+02    0.1823039831E-01
    0.2973767076E+02    0.3456673234E-01
    0.5687356225E+02    0.1376538478E+00
    0.5901746870E+02    0.1200420123E+00
    0.5987523348E+02    0.1519660005E+00
    0.1652060707E+02    0.1444246988E-01
    0.1919563821E+02    0.2422621022E-01
    0.3201251191E+02    0.7210359956E-01
    0.5536379077E+02    0.9712031979E-01
    0.5886518581E+02    0.1212259389E+00
    0.5933969447E+02    0.1593693171E+00
    0.1702458771E+02    0.1874504349E-01
    0.2097703869E+02    0.2177914307E-01
    0.3432567161E+02    0.1171934052E+00
    0.5363937610E+02    0.6455964161E-01
    0.5857502317E+02    0.1243411469E+00
    0.5920669527E+02    0.1083681793E+00
    0.1740661823E+02    0.2155735243E-01
    0.2222657539E+02    0.2179874813E-01
    0.3670187540E+02    0.1525628946E+00
    0.5179003968E+02    0.3866060022E-01
    0.5836703720E+02    0.1477960059E+00
    0.5921349681E+02    0.9693116002E-01
    0.1766434091E+02    0.2145048106E-01
    0.2289391144E+02    0.2100757675E-01
    0.3891684597E+02    0.2039665071E+00
    0.5000686802E+02    0.3162806938E-01
    0.5825968725E+02    0.1429396695E+00
    0.5925000480E+02    0.8441039581E-01
    0.1776818982E+02    0.2361446394E-01
    0.2312516936E+02    0.2336509461E-01
    0.4033845124E+02    0.2803027081E+00
    0.4874931160E+02    0.3262418469E-01
    0.5819801012E+02    0.1468816766E+00
    0.5930957730E+02    0.8370654150E-01
    0.1772291273E+02    0.2109972987E-01
    0.2306667298E+02    0.2348290982E-01
    0.4005383839E+02    0.2470749852E+00
    0.4878691116E+02    0.3456424902E-01
    0.5817126212E+02    0.1561744224E+00
    0.5939131293E+02    0.7926650900E-01
    0.1755481035E+02    0.1988643663E-01
    0.2277161810E+02    0.2195618914E-01
    0.3818911769E+02    0.1829946531E+00
    0.4999913941E+02    0.2994563054E-01
    0.5822030189E+02    0.1561075151E+00
    0.5948257043E+02    0.8158188268E-01
    0.1726797014E+02    0.1716615879E-01
    0.2218262657E+02    0.2207259062E-01
    0.3565143328E+02    0.1470755744E+00
    0.5165036451E+02    0.4254342680E-01
    0.5840968577E+02    0.1497108359E+00
    0.5956784317E+02    0.8841002023E-01
    0.1680289006E+02    0.1439517941E-01
    0.2116250475E+02    0.2226690421E-01
    0.3303126564E+02    0.8265666735E-01
    0.5342454477E+02    0.7014297063E-01
    0.5879169489E+02    0.1517733673E+00
    0.5963820470E+02    0.9766004889E-01
    0.1602249451E+02    0.9764623488E-02
    0.1961588757E+02    0.2642159239E-01
    0.3066111994E+02    0.4310051243E-01
    0.5522870372E+02    0.8272871257E-01
    0.5936079850E+02    0.1609765742E+00
    0.5970361941E+02    0.1043853047E+00
    0.1709649948E+02    0.1793409432E-01
    0.1823412909E+02    0.2230583971E-01
    0.3377952920E+02    0.1059907552E+00
    0.5556157253E+02    0.1053201956E+00
    0.5819408735E+02    0.1174170265E+00
    0.5898708445E+02    0.1293830677E+00
    0.1781152573E+02    0.2203802677E-01
    0.2024267027E+02    0.2619389167E-01
    0.3548615540E+02    0.1214721045E+00
    0.5396354536E+02    0.7101445648E-01
    0.5812521451E+02    0.1287139033E+00
    0.5865387453E+02    0.9814892365E-01
    0.1823000638E+02    0.2355479334E-01
    0.2232368055E+02    0.2302604580E-01
    0.3705064513E+02    0.1381157109E+00
    0.5205651918E+02    0.4479046187E-01
    0.5793439364E+02    0.1478310093E+00
    0.5866763427E+02    0.8993634956E-01
    0.1851265995E+02    0.2499488200E-01
    0.2382062595E+02    0.2191062665E-01
    0.3859920718E+02    0.1874316356E+00
    0.5002942721E+02    0.2984768464E-01
    0.5778470943E+02    0.1247780641E+00
    0.5877650835E+02    0.7685530854E-01
    0.1863918713E+02    0.2544459273E-01
    0.2456914099E+02    0.2066219786E-01
    0.3992799753E+02    0.2474252209E+00
    0.4825271270E+02    0.3964095580E-01
    0.5767226524E+02    0.1339254520E+00
    0.5891637280E+02    0.7103557317E-01
    0.1861920984E+02    0.2436275512E-01
    0.2471216929E+02    0.1970388955E-01
    0.4019713319E+02    0.2723790112E+00
    0.4751110071E+02    0.5176305169E-01
    0.5760500111E+02    0.1397757547E+00
    0.5907372382E+02    0.6266080715E-01
    0.1847923062E+02    0.2339926888E-01
    0.2444704379E+02    0.2161116496E-01
    0.3887284974E+02    0.2066084566E+00
    0.4827197794E+02    0.3781342582E-01
    0.5763570902E+02    0.1513605404E+00
    0.5923589555E+02    0.6258477628E-01
    0.1820310884E+02    0.2120188268E-01
    0.2383525912E+02    0.2032957239E-01
    0.3678408763E+02    0.1676758204E+00
    0.4980046991E+02    0.3995560936E-01
    0.5782978615E+02    0.1563370599E+00
    0.5938997715E+02    0.6968467055E-01
    0.1769394361E+02    0.1754328387E-01
    0.2277811609E+02    0.2211624885E-01
    0.3471160570E+02    0.1334964746E+00
    0.5156650678E+02    0.4113659105E-01
    0.5822653438E+02    0.1509254380E+00
    0.5952376580E+02    0.7077213962E-01
    0.1810318281E+02    0.2464602715E-01
    0.1881454560E+02    0.2785061343E-01
    0.3774885231E+02    0.1164176264E+00
    0.5433955599E+02    0.7998461162E-01
    0.5765787551E+02    0.9852353602E-01
    0.5822975592E+02    0.1154730893E+00
    0.1871087348E+02    0.2842519375E-01
    0.2095383168E+02    0.2805856395E-01
    0.3896951270E+02    0.1641305934E+00
    0.5246393459E+02    0.4912405683E-01
    0.5761779993E+02    0.1064704951E+00
    0.5814670261E+02    0.1144268709E+00
    0.1899769290E+02    0.2724676253E-01
    0.2317354796E+02    0.2575297953E-01
    0.3993158194E+02    0.2039079796E+00
    0.5026641888E+02    0.3585567032E-01
    0.5746679971E+02    0.1258908873E+00
    0.5830161973E+02    0.8950069771E-01
    0.1913102900E+02    0.2778520806E-01
    0.2475536906E+02    0.2268472770E-01
    0.4079914647E+02    0.2296891063E+00
    0.4805346048E+02    0.4136091295E-01
    0.5732185266E+02    0.1241524803E+00
    0.5851447178E+02    0.8061296246E-01
    0.1912684391E+02    0.2669153486E-01
    0.2548130964E+02    0.2107198314E-01
    0.4123709650E+02    0.2764661970E+00
    0.4649783812E+02    0.7789392628E-01
    0.5722199068E+02    0.1282219464E+00
    0.5874355454E+02    0.6877967444E-01
    0.1900628039E+02    0.2673469388E-01
    0.2547068376E+02    0.1969493887E-01
    0.4027007098E+02    0.2731154258E+00
    0.4666893717E+02    0.6823256685E-01
    0.5723216142E+02    0.1257780129E+00
    0.5897177178E+02    0.6219921474E-01
    0.1873662741E+02    0.2438000924E-01
    0.2491200514E+02    0.2023281576E-01
    0.3844951133E+02    0.2120661384E+00
    0.4805633353E+02    0.3828012367E-01
    0.5742306648E+02    0.1579205328E+00
    0.5918973164E+02    0.6466053507E-01
    0.1884856225E+02    0.2882357053E-01
    0.1922258212E+02    0.3393647044E-01
    0.4150248214E+02    0.1652654302E+00
    0.5276125152E+02    0.5340060773E-01
    0.5739052783E+02    0.1052226513E+00
    0.5775728328E+02    0.1252906391E+00
    0.1924620957E+02    0.3192060445E-01
    0.2143426044E+02    0.3108843248E-01
    0.4231579381E+02    0.1616663848E+00
    0.5056119405E+02    0.4325281157E-01
    0.5734144057E+02    0.1006550899E+00
    0.5785050540E+02    0.1134818162E+00
    0.1936726979E+02    0.3380853078E-01
    0.2363143749E+02    0.2748230988E-01
    0.4282720891E+02    0.1824148625E+00
    0.4810810893E+02    0.4017508360E-01
    0.5718934315E+02    0.1085039717E+00
    0.5810675230E+02    0.9148684496E-01
    0.1936660322E+02    0.3114474162E-01
    0.2515204623E+02    0.2219814707E-01
    0.4313068426E+02    0.1851069466E+00
    0.4588327336E+02    0.9374510068E-01
    0.5706618286E+02    0.1151705287E+00
    0.5839863489E+02    0.7258109902E-01
    0.1926108712E+02    0.2800461486E-01
    0.2574902509E+02    0.2067936771E-01
    0.4212234778E+02    0.2343311688E+00
    0.4547547156E+02    0.1071209816E+00
    0.5705442588E+02    0.1235025897E+00
    0.5869157059E+02    0.6143964361E-01
    0.1932778505E+02    0.3455529216E-01
    0.1947558295E+02    0.3916182667E-01
    0.4493490597E+02    0.1352149556E+00
    0.5062788976E+02    0.4052390913E-01
    0.5732282882E+02    0.1007540400E+00
    0.5751695651E+02    0.1090757215E+00
    0.1948034709E+02    0.3450450385E-01
    0.2168182391E+02    0.3187181642E-01
    0.4541304630E+02    0.1090639666E+00
    0.4818979427E+02    0.3219200501E-01
    0.5723761588E+02    0.1018633333E+00
    0.5771465355E+02    0.9075063343E-01
    0.1946698413E+02    0.3190158473E-01
    0.2377334968E+02    0.2532856625E-01
    0.4550517180E+02    0.9971760583E-01
    0.4568366385E+02    0.9531572000E-01
    0.5709954861E+02    0.1128873668E+00
    0.5804613962E+02    0.8739303319E-01
    0.1952712406E+02    0.3604783003E-01
    0.1952712416E+02    0.3579067061E-01
    0.4799230187E+02    0.3213351112E-01
    0.4799230608E+02    0.3244400208E-01
    0.5738146615E+02    0.9526301736E-01
    0.5738146630E+02    0.9688541218E-01
    0.1785788491E+02    0.1929669790E-01
    0.2063360081E+02    0.2557449389E-01
    0.3376102264E+02    0.1152742692E+00
    0.5367600210E+02    0.6627039247E-01
    0.5867765087E+02    0.1559786311E+00
    0.5892207098E+02    0.9897763236E-01
    0.1861890262E+02    0.2207440706E-01
    0.2219016629E+02    0.2163238270E-01
    0.3560260289E+02    0.1536322620E+00
    0.5186528954E+02    0.4764333540E-01
    0.5822619690E+02    0.1486174456E+00
    0.5891329679E+02    0.7544507134E-01
    0.1904051725E+02    0.2433562840E-01
    0.2340684066E+02    0.2235218870E-01
    0.3754288311E+02    0.1716784980E+00
    0.5001787403E+02    0.3235907406E-01
    0.5795629217E+02    0.1432236689E+00
    0.5889391657E+02    0.7043262426E-01
    0.1927267449E+02    0.2575967385E-01
    0.2409428397E+02    0.2143838543E-01
    0.3931431021E+02    0.2233064210E+00
    0.4838493495E+02    0.3338938173E-01
    0.5783193512E+02    0.1395670395E+00
    0.5886932522E+02    0.7241822707E-01
    0.1934884679E+02    0.2569706968E-01
    0.2430612823E+02    0.2265321987E-01
    0.4013315217E+02    0.2750662822E+00
    0.4763427610E+02    0.5148758057E-01
    0.5779796703E+02    0.1362629209E+00
    0.5885826294E+02    0.6284616282E-01
    0.1944887498E+02    0.2521150945E-01
    0.2123579770E+02    0.3042923229E-01
    0.3691103800E+02    0.1347848070E+00
    0.5221752355E+02    0.4582130551E-01
    0.5813643742E+02    0.1352346505E+00
    0.5822377853E+02    0.9109447666E-01
    0.2018365521E+02    0.2686207701E-01
    0.2290092079E+02    0.2228413589E-01
    0.3821918239E+02    0.1801707569E+00
    0.5023696001E+02    0.3458144773E-01
    0.5780302130E+02    0.1332790279E+00
    0.5827974165E+02    0.7814827349E-01
    0.2049259827E+02    0.2904124214E-01
    0.2432131556E+02    0.2266507699E-01
    0.3950136053E+02    0.2068586090E+00
    0.4823246404E+02    0.3467597734E-01
    0.5758868151E+02    0.1313085086E+00
    0.5835128308E+02    0.7852887244E-01
    0.2060713897E+02    0.2997863918E-01
    0.2503429552E+02    0.2083187390E-01
    0.4045820801E+02    0.2784771394E+00
    0.4674077661E+02    0.6512265142E-01
    0.5747043378E+02    0.1129212686E+00
    0.5843869388E+02    0.8303267005E-01
    0.2054707651E+02    0.2621153499E-01
    0.2503794584E+02    0.2057390419E-01
    0.4014407260E+02    0.2735645413E+00
    0.4676441664E+02    0.6775033349E-01
    0.5744934629E+02    0.1240335218E+00
    0.5854144225E+02    0.6683538187E-01
    0.2028276168E+02    0.2592337515E-01
    0.2444302412E+02    0.2216399618E-01
    0.3869559452E+02    0.1922229781E+00
    0.4816596487E+02    0.3513490225E-01
    0.5755517002E+02    0.1396506290E+00
    0.5865389104E+02    0.6264922475E-01
    0.1970723352E+02    0.2296793880E-01
    0.2340019046E+02    0.2297032261E-01
    0.3706551610E+02    0.1682492621E+00
    0.4999921567E+02    0.3791512127E-01
    0.5782042281E+02    0.1462955544E+00
    0.5877214805E+02    0.7014797035E-01
    0.2066104770E+02    0.2892048127E-01
    0.2159182930E+02    0.2918923468E-01
    0.4003132545E+02    0.1987270486E+00
    0.5050563193E+02    0.4184086280E-01
    0.5772902455E+02    0.9427083917E-01
    0.5778776117E+02    0.1244889516E+00
    0.2121208420E+02    0.2925397194E-01
    0.2344164155E+02    0.2577065049E-01
    0.4085830591E+02    0.2126689374E+00
    0.4829395897E+02    0.4327425167E-01
    0.5748292883E+02    0.1033056677E+00
    0.5790120532E+02    0.9176663082E-01
    0.2134509439E+02    0.2883389778E-01
    0.2495185048E+02    0.2450962305E-01
    0.4156167276E+02    0.2299501719E+00
    0.4622014568E+02    0.8095368371E-01
    0.5729222808E+02    0.1065725435E+00
    0.5807398084E+02    0.8313926239E-01
    0.2128980468E+02    0.2897540658E-01
    0.2555018131E+02    0.1893500709E-01
    0.4149858234E+02    0.2590347263E+00
    0.4536714778E+02    0.1110040939E+00
    0.5721743591E+02    0.1079484406E+00
    0.5825838669E+02    0.7612077957E-01
    0.2098446279E+02    0.2632098959E-01
    0.2527598650E+02    0.2017020016E-01
    0.4015662885E+02    0.2563406337E+00
    0.4641998300E+02    0.7598403839E-01
    0.5729731820E+02    0.1210886511E+00
    0.5844916119E+02    0.5964515317E-01
    0.2141110712E+02    0.3050951274E-01
    0.2176770969E+02    0.3170917147E-01
    0.4303403174E+02    0.1685324689E+00
    0.4836854158E+02    0.3989098983E-01
    0.5748731289E+02    0.8975680586E-01
    0.5757855788E+02    0.1117337479E+00
    0.2166647316E+02    0.3068784325E-01
    0.2376780984E+02    0.2576658885E-01
    0.4347446804E+02    0.1813193273E+00
    0.4601051567E+02    0.9210306584E-01
    0.5729900321E+02    0.9569679080E-01
    0.5775008074E+02    0.8801266597E-01
    0.2160963180E+02    0.3073869365E-01
    0.2518457151E+02    0.2088141508E-01
    0.4321057337E+02    0.1841707185E+00
    0.4457037758E+02    0.1314502963E+00
    0.5717538468E+02    0.1136615046E+00
    0.5799726083E+02    0.8678904320E-01
    0.2173933293E+02    0.3071673012E-01
    0.2173933316E+02    0.3255442419E-01
    0.4584311287E+02    0.9419828931E-01
    0.4584311683E+02    0.9592291016E-01
    0.5746420510E+02    0.1003668400E+00
    0.5746420518E+02    0.9027650908E-01
    0.2161284569E+02    0.2463764900E-01
    0.2378248605E+02    0.2460261259E-01
    0.3934810357E+02    0.1983620596E+00
    0.4823505538E+02    0.3996051192E-01
    0.5758752213E+02    0.1283537822E+00
    0.5809789462E+02    0.7268391158E-01
    0.2219684264E+02    0.2672708698E-01
    0.2483464711E+02    0.2126391532E-01
    0.4048714024E+02    0.2498140600E+00
    0.4634140265E+02    0.8644434124E-01
    0.5741221728E+02    0.1092951753E+00
    0.5803639949E+02    0.8086147754E-01
    0.2234418749E+02    0.2653464266E-01
    0.2527731633E+02    0.2116373222E-01
    0.4114907437E+02    0.2626806120E+00
    0.4538405046E+02    0.1048979874E+00
    0.5734979369E+02    0.9985692245E-01
    0.5802147183E+02    0.7463047850E-01
    0.2301760792E+02    0.2520745500E-01
    0.2394539518E+02    0.2647233714E-01
    0.4161280704E+02    0.2261006038E+00
    0.4617070073E+02    0.8751446742E-01
    0.5747578102E+02    0.1092860952E+00
    0.5765640136E+02    0.8505309081E-01
    0.2337964896E+02    0.2519785898E-01
    0.2500294923E+02    0.2333306219E-01
    0.4222808793E+02    0.2122809124E+00
    0.4444618146E+02    0.1449240029E+00
    0.5734027678E+02    0.9403782693E-01
    0.5770801543E+02    0.8106519696E-01
    0.2312107998E+02    0.2732748990E-01
    0.2527399898E+02    0.2098150445E-01
    0.4163137233E+02    0.2403648445E+00
    0.4470991080E+02    0.1291990898E+00
    0.5731085608E+02    0.1000519906E+00
    0.5783840740E+02    0.8196383474E-01
    0.2375848486E+02    0.2474614126E-01
    0.2375848549E+02    0.2517639426E-01
    0.4390974189E+02    0.1563223209E+00
    0.4390974529E+02    0.1556102825E+00
    0.5747478239E+02    0.1006984713E+00
    0.5747478250E+02    0.8881392737E-01
    0.2461509272E+02    0.2299424144E-01
    0.2461509430E+02    0.2311742912E-01
    0.4309131832E+02    0.1911969350E+00
    0.4309132058E+02    0.1948527449E+00
    0.5746883230E+02    0.9085596305E-01
    0.5746883267E+02    0.8514454310E-01
