          # temp (meV) =   25.85203
    0.5778199924E+00    0.7049277801E-03
    0.5778199924E+00    0.7146565262E-03
    0.1747417893E+01    0.6853071495E-03
    0.1367036720E+02    0.2524711600E+01
    0.1367036720E+02    0.2463380261E+01
    0.1604065095E+02    0.2723855715E-01
    0.8836342729E+00    0.6683017405E-03
    0.8836342729E+00    0.6648920298E-03
    0.1724000462E+01    0.6767439941E-03
    0.1370595900E+02    0.2323231422E+01
    0.1370595900E+02    0.2319936732E+01
    0.1603093217E+02    0.2500953337E-01
   -0.3795625645E-06    0.0000000000E+00
   -0.3060522044E-06    0.0000000000E+00
   -0.2674513522E-06    0.0000000000E+00
    0.1361704345E+02    0.2710235275E+01
    0.1361704345E+02    0.2750186861E+01
    0.1361704345E+02    0.2761492154E+01
    0.7372374482E+00    0.1581297285E-02
    0.1467822147E+01    0.8180786251E-03
    0.2597492166E+01    0.1945218393E-03
    0.1373961428E+02    0.2169564072E+01
    0.1379675025E+02    0.1908287660E+01
    0.1605931500E+02    0.2860964422E-01
    0.1295049934E+01    0.1060153117E-02
    0.1342062941E+01    0.7351221897E-03
    0.3007393175E+01    0.3284742062E-03
    0.1382786034E+02    0.1781286051E+01
    0.1384027776E+02    0.1779611669E+01
    0.1606587581E+02    0.2767258110E-01
    0.1129942199E+01    0.8844557403E-03
    0.1129942199E+01    0.8800527088E-03
    0.3410858966E+01    0.7176852333E-03
    0.1381879444E+02    0.1832384228E+01
    0.1381879444E+02    0.1811914803E+01
    0.1609866285E+02    0.2747373599E-01
    0.1173050230E+01    0.1630523569E-02
    0.1978407095E+01    0.1664335179E-02
    0.4000635175E+01    0.1612855137E-02
    0.1389737016E+02    0.1471765328E+01
    0.1400893433E+02    0.1208325092E+01
    0.1611323631E+02    0.3120388125E-01
    0.1686569151E+01    0.1888612716E-02
    0.1790594790E+01    0.1784075547E-02
    0.4479332165E+01    0.4877111834E-02
    0.1402052389E+02    0.1121927769E+01
    0.1404712828E+02    0.1107249240E+01
    0.1614149239E+02    0.2818541221E-01
    0.1628880854E+01    0.1941371844E-02
    0.1628880854E+01    0.1998939039E-02
    0.4918263260E+01    0.2315249053E-01
    0.1403248178E+02    0.1078462925E+01
    0.1403248178E+02    0.1100640264E+01
    0.1619540470E+02    0.3039843817E-01
    0.1634565483E+01    0.2569281714E-02
    0.2342108099E+01    0.2235354385E-02
    0.5387570544E+01    0.1075251613E+00
    0.1411171494E+02    0.8870521409E+00
    0.1426049153E+02    0.6319589266E+00
    0.1620999724E+02    0.2946682054E-01
    0.2068661101E+01    0.2818253124E-02
    0.2173592398E+01    0.3047676760E-02
    0.5817062684E+01    0.1875846068E+00
    0.1425324853E+02    0.6301912606E+00
    0.1429008605E+02    0.6340050698E+00
    0.1625481248E+02    0.2708406097E-01
    0.2046787445E+01    0.2948032906E-02
    0.2046787445E+01    0.2916353499E-02
    0.6222626329E+01    0.9275549552E-01
    0.1427444558E+02    0.6212346636E+00
    0.1427444558E+02    0.6427167779E+00
    0.1632503118E+02    0.2793391291E-01
    0.2039679892E+01    0.3552272103E-02
    0.2622361348E+01    0.1543551464E-02
    0.6596884340E+01    0.1050697109E+00
    0.1434681302E+02    0.5471846881E+00
    0.1451052071E+02    0.4037254669E+00
    0.1634533975E+02    0.2951227534E-01
    0.2398846151E+01    0.3142796619E-02
    0.2461023085E+01    0.2972708397E-02
    0.6958093380E+01    0.8153157791E-01
    0.1448628864E+02    0.4032744578E+00
    0.1453381760E+02    0.3690923221E+00
    0.1639755441E+02    0.3032132936E-01
    0.2360350787E+01    0.3539203308E-02
    0.2360350787E+01    0.3597260070E-02
    0.7311248982E+01    0.6466101033E-01
    0.1451157462E+02    0.3865994738E+00
    0.1451157462E+02    0.3995325134E+00
    0.1646987911E+02    0.3284165194E-01
    0.2350010244E+01    0.3955349352E-02
    0.2804695051E+01    0.1589714077E-02
    0.7606090257E+01    0.4696233108E-01
    0.1457295032E+02    0.3710718590E+00
    0.1472882329E+02    0.2417605833E+00
    0.1649876905E+02    0.3485353138E-01
    0.2638663099E+01    0.2660758745E-02
    0.2640260881E+01    0.2683300170E-02
    0.7901186075E+01    0.1331265083E-01
    0.1469242759E+02    0.2818712177E+00
    0.1475163576E+02    0.2171128041E+00
    0.1654580303E+02    0.3444321119E-01
    0.2557532001E+01    0.3188420454E-02
    0.2557532001E+01    0.3352658865E-02
    0.8200751225E+01    0.6149763206E-02
    0.1472080406E+02    0.2457556002E+00
    0.1472080406E+02    0.2488345323E+00
    0.1660117888E+02    0.4140720681E-01
    0.2548220869E+01    0.3649839851E-02
    0.2884090818E+01    0.2198025371E-02
    0.8429954267E+01    0.6110932344E-02
    0.1477106078E+02    0.2050653088E+00
    0.1490169053E+02    0.1231156982E+00
    0.1663628896E+02    0.4280294382E-01
    0.2710858677E+01    0.3057460574E-02
    0.2776516490E+01    0.2843851818E-02
    0.8666190480E+01    0.5306789602E-02
    0.1486036065E+02    0.1360629955E+00
    0.1492754544E+02    0.9454794846E-01
    0.1666752875E+02    0.4263008812E-01
    0.2644425085E+01    0.3336416201E-02
    0.2644425085E+01    0.3176786433E-02
    0.8914802051E+01    0.5506740844E-02
    0.1488953139E+02    0.1024307323E+00
    0.1488953139E+02    0.9870980455E-01
    0.1669155578E+02    0.5070403538E-01
    0.2639017533E+01    0.3638881463E-02
    0.2878050639E+01    0.2718472034E-02
    0.9084777270E+01    0.5405424911E-02
    0.1493162822E+02    0.7077613002E-01
    0.1502626153E+02    0.3953473492E-01
    0.1672914631E+02    0.5795169669E-01
    0.2703627494E+01    0.3589237689E-02
    0.2817351742E+01    0.3068508546E-02
    0.9264129984E+01    0.6406239378E-02
    0.1498823152E+02    0.4180908630E-01
    0.1505409821E+02    0.2858776975E-01
    0.1674189340E+02    0.5534035335E-01
    0.2649542469E+01    0.3818499462E-02
    0.2649542469E+01    0.3767778433E-02
    0.9458389403E+01    0.5773056177E-02
    0.1501227365E+02    0.3275072828E-01
    0.1501227365E+02    0.3450828761E-01
    0.1673179264E+02    0.4922072944E-01
    0.2651424529E+01    0.3995929663E-02
    0.2826791571E+01    0.3581782850E-02
    0.9564763163E+01    0.6408311484E-02
    0.1505049010E+02    0.2768409616E-01
    0.1510356232E+02    0.2202184815E-01
    0.1677152451E+02    0.5214771267E-01
    0.2661317751E+01    0.4214381245E-02
    0.2798964161E+01    0.3676742401E-02
    0.9680169438E+01    0.5765134841E-02
    0.1507673919E+02    0.2197815969E-01
    0.1512886429E+02    0.1797427814E-01
    0.1677214810E+02    0.5800484465E-01
    0.2619944794E+01    0.4136094346E-02
    0.2619944794E+01    0.4208511600E-02
    0.9808683257E+01    0.6019420207E-02
    0.1508675272E+02    0.2018380703E-01
    0.1508675272E+02    0.2235944616E-01
    0.1673713520E+02    0.5440585855E-01
    0.2633071525E+01    0.4402971265E-02
    0.2780398465E+01    0.3840360149E-02
    0.9840476601E+01    0.7038429521E-02
    0.1512489902E+02    0.1828848823E-01
    0.1513590401E+02    0.1856342370E-01
    0.1678083606E+02    0.5502652176E-01
    0.2630382420E+01    0.4617240957E-02
    0.2772841292E+01    0.3711716426E-02
    0.9880767231E+01    0.6750710968E-02
    0.1512621675E+02    0.2109190347E-01
    0.1515192236E+02    0.1625843643E-01
    0.1677941163E+02    0.5260542059E-01
    0.2603200326E+01    0.4793495065E-02
    0.2603200326E+01    0.4697935080E-02
    0.9931028460E+01    0.6474757065E-02
    0.1511173647E+02    0.2090593713E-01
    0.1511173647E+02    0.2010202572E-01
    0.1673443497E+02    0.5248353154E-01
    0.1686124011E+01    0.1255068845E-02
    0.1686124011E+01    0.1281862198E-02
    0.3386723894E+01    0.5570093920E-03
    0.1396047586E+02    0.1415020736E+01
    0.1396047586E+02    0.1409447044E+01
    0.1606396020E+02    0.2855626115E-01
    0.1432338058E+01    0.1578506023E-02
    0.2114817486E+01    0.1862584801E-02
    0.3901470671E+01    0.1318775632E-02
    0.1395556966E+02    0.1360475174E+01
    0.1405400657E+02    0.1107334329E+01
    0.1609252698E+02    0.3155562500E-01
    0.2050615858E+01    0.2313827781E-02
    0.2072539136E+01    0.2344193902E-02
    0.4403741035E+01    0.2866215900E-02
    0.1415419693E+02    0.8873411526E+00
    0.1415740558E+02    0.8782034188E+00
    0.1610669429E+02    0.2763033903E-01
    0.1754495788E+01    0.2370306594E-02
    0.2597008461E+01    0.8642056077E-03
    0.5085694371E+01    0.2692695240E-01
    0.1414765880E+02    0.8499567836E+00
    0.1432665031E+02    0.5501490571E+00
    0.1615303432E+02    0.2699955687E-01
    0.2372070082E+01    0.2819757815E-02
    0.2441843483E+01    0.2227540970E-02
    0.5568698355E+01    0.1534990842E+00
    0.1439446440E+02    0.4611786404E+00
    0.1439652669E+02    0.5125338504E+00
    0.1618352964E+02    0.2589529924E-01
    0.2107330194E+01    0.3587881431E-02
    0.2893304649E+01    0.5469775344E-03
    0.6257834672E+01    0.1098832309E+00
    0.1437383385E+02    0.4859464343E+00
    0.1459614310E+02    0.3329992003E+00
    0.1626126964E+02    0.2867790154E-01
    0.2614300147E+01    0.1877474151E-02
    0.2763676169E+01    0.1384788366E-02
    0.6659732025E+01    0.1201123384E+00
    0.1463461250E+02    0.3094935257E+00
    0.1464173363E+02    0.2871063846E+00
    0.1630120111E+02    0.2734578381E-01
    0.2408411175E+01    0.3822581905E-02
    0.3073448941E+01    0.9053458775E-03
    0.7285606496E+01    0.7067073950E-01
    0.1459847468E+02    0.3494918639E+00
    0.1482003025E+02    0.1906326130E+00
    0.1641522503E+02    0.2882865989E-01
    0.2759926878E+01    0.1832822143E-02
    0.3016125666E+01    0.1456101721E-02
    0.7603391590E+01    0.4867854092E-01
    0.1483044343E+02    0.1882619420E+00
    0.1486380943E+02    0.1469690383E+00
    0.1645670697E+02    0.2694857590E-01
    0.2614815443E+01    0.3122522916E-02
    0.3154433501E+01    0.1493671838E-02
    0.8145209659E+01    0.8016210310E-02
    0.1479644880E+02    0.1968666085E+00
    0.1498517628E+02    0.8118755913E-01
    0.1658415674E+02    0.3270363370E-01
    0.2810821678E+01    0.2467392246E-02
    0.3174787216E+01    0.2202168027E-02
    0.8390132027E+01    0.6649741277E-02
    0.1496943304E+02    0.8060662778E-01
    0.1504386969E+02    0.5597501268E-01
    0.1662093299E+02    0.3802115078E-01
    0.2713120783E+01    0.3147966264E-02
    0.3155124413E+01    0.2032651971E-02
    0.8842794924E+01    0.5903525880E-02
    0.1495484050E+02    0.8114494740E-01
    0.1509958274E+02    0.2875098724E-01
    0.1672576795E+02    0.5273512659E-01
    0.2789890674E+01    0.2902354804E-02
    0.3232208009E+01    0.2316183688E-02
    0.9023666689E+01    0.6405606397E-02
    0.1506295555E+02    0.3379831990E-01
    0.1517243254E+02    0.1749452856E-01
    0.1675699930E+02    0.5111945137E-01
    0.2724592413E+01    0.3753012293E-02
    0.3106530150E+01    0.2793056831E-02
    0.9375524508E+01    0.6650533533E-02
    0.1506947964E+02    0.2844962074E-01
    0.1517342797E+02    0.1463338424E-01
    0.1681591199E+02    0.5168182609E-01
    0.2737735388E+01    0.3619552616E-02
    0.3210087893E+01    0.2992894724E-02
    0.9492048513E+01    0.7151662934E-02
    0.1512552836E+02    0.1923323586E-01
    0.1524647848E+02    0.1286720907E-01
    0.1684711656E+02    0.5694247391E-01
    0.2699023892E+01    0.4417469093E-02
    0.3048473938E+01    0.2979286091E-02
    0.9718588772E+01    0.6764683697E-02
    0.1513936330E+02    0.1830006472E-01
    0.1521361186E+02    0.1364616109E-01
    0.1685790232E+02    0.5729336290E-01
    0.2697961307E+01    0.4243579185E-02
    0.3157859286E+01    0.3027035369E-02
    0.9763520899E+01    0.7438615274E-02
    0.1516671939E+02    0.1923073653E-01
    0.1526683465E+02    0.9515998570E-02
    0.1689624436E+02    0.6121462235E-01
    0.2684397546E+01    0.4521785538E-02
    0.3022475111E+01    0.3036539949E-02
    0.9838257539E+01    0.6968878464E-02
    0.1516303609E+02    0.1940517362E-01
    0.1522600267E+02    0.1348734638E-01
    0.1686883431E+02    0.5755495611E-01
    0.2692793513E+01    0.4267582525E-02
    0.3133969399E+01    0.2691325486E-02
    0.9805990465E+01    0.6724281242E-02
    0.1519106259E+02    0.1625824833E-01
    0.1523672727E+02    0.1279407836E-01
    0.1691514656E+02    0.6094708653E-01
    0.2706830030E+01    0.3973850211E-02
    0.3174027354E+01    0.2694755267E-02
    0.9612320974E+01    0.6325087018E-02
    0.1516079107E+02    0.1640840115E-01
    0.1519736429E+02    0.1686855627E-01
    0.1690210060E+02    0.6188651610E-01
    0.2696380564E+01    0.3763395467E-02
    0.3267605181E+01    0.2104306356E-02
    0.9205526784E+01    0.6192695682E-02
    0.1504376435E+02    0.4202685509E-01
    0.1517944810E+02    0.1753126826E-01
    0.1684069223E+02    0.6057166731E-01
    0.2615414990E+01    0.3735878546E-02
    0.3365870116E+01    0.1637053470E-02
    0.8618673805E+01    0.6034821191E-02
    0.1488949059E+02    0.1288799757E+00
    0.1512904729E+02    0.2435418614E-01
    0.1671601942E+02    0.4588928888E-01
    0.2436460481E+01    0.4355132454E-02
    0.3410409772E+01    0.1272425120E-02
    0.7871982757E+01    0.1704760397E-01
    0.1470186772E+02    0.2905196794E+00
    0.1503381012E+02    0.6765552864E-01
    0.1653685519E+02    0.3380096599E-01
    0.2158670684E+01    0.4316646594E-02
    0.3355154106E+01    0.7992189739E-03
    0.6970498519E+01    0.7955845673E-01
    0.1448840798E+02    0.4240042506E+00
    0.1487166984E+02    0.1496001431E+00
    0.1634692293E+02    0.2531423237E-01
    0.1808864487E+01    0.3011868979E-02
    0.3162485503E+01    0.4308450227E-03
    0.5932852941E+01    0.1713080624E+00
    0.1426471623E+02    0.6428332772E+00
    0.1462365935E+02    0.3072689764E+00
    0.1620449210E+02    0.2383221170E-01
    0.1445425320E+01    0.2337658767E-02
    0.2754860965E+01    0.3540079518E-03
    0.4861098334E+01    0.1032169012E-01
    0.1405664763E+02    0.9665438463E+00
    0.1431201156E+02    0.5903632030E+00
    0.1613397854E+02    0.2729351521E-01
    0.2334140589E+01    0.2853231784E-02
    0.2334140589E+01    0.2787160182E-02
    0.4936673012E+01    0.9175033991E-02
    0.1434503857E+02    0.5456095927E+00
    0.1434503857E+02    0.5429909480E+00
    0.1612636198E+02    0.2586841916E-01
    0.2175563559E+01    0.3191381476E-02
    0.2644271617E+01    0.8100536854E-03
    0.5223797647E+01    0.4200996060E-01
    0.1432322583E+02    0.5728856153E+00
    0.1443523516E+02    0.4372443640E+00
    0.1614235370E+02    0.2754773496E-01
    0.2587438083E+01    0.1637894848E-02
    0.2653443524E+01    0.1279179138E-02
    0.5769342904E+01    0.2038010903E+00
    0.1457798251E+02    0.3456068723E+00
    0.1458666552E+02    0.3065218972E+00
    0.1617320722E+02    0.2947771614E-01
    0.2410714878E+01    0.3378698268E-02
    0.3047125424E+01    0.6014041109E-03
    0.6170918305E+01    0.1346988977E+00
    0.1453794077E+02    0.3517057362E+00
    0.1473139162E+02    0.2392534398E+00
    0.1620626526E+02    0.2452374153E-01
    0.2776271190E+01    0.1407309096E-02
    0.3005240029E+01    0.8228136405E-03
    0.6657963330E+01    0.1314112011E+00
    0.1482063674E+02    0.1679899576E+00
    0.1484842723E+02    0.1607849637E+00
    0.1624411930E+02    0.2318362446E-01
    0.2643467937E+01    0.2533768730E-02
    0.3299012310E+01    0.1009651727E-02
    0.7096571845E+01    0.7353065925E-01
    0.1476022743E+02    0.2190793404E+00
    0.1497671186E+02    0.9434413050E-01
    0.1632747626E+02    0.2368310896E-01
    0.2883265054E+01    0.1622512149E-02
    0.3312363420E+01    0.1251450187E-02
    0.7492523897E+01    0.5152295081E-01
    0.1504265471E+02    0.6513138278E-01
    0.1505881742E+02    0.6919666087E-01
    0.1636890943E+02    0.2114788454E-01
    0.2800023171E+01    0.2478337154E-02
    0.3442668458E+01    0.1400330795E-02
    0.7921887006E+01    0.1742175901E-01
    0.1495275029E+02    0.1099763736E+00
    0.1513719735E+02    0.3783699161E-01
    0.1650867285E+02    0.2778592693E-01
    0.2909097496E+01    0.2434405836E-02
    0.3527073504E+01    0.1658447776E-02
    0.8229041306E+01    0.9877551858E-02
    0.1517384303E+02    0.3020846849E-01
    0.1522332226E+02    0.2107717715E-01
    0.1655384566E+02    0.2806491803E-01
    0.2856614034E+01    0.2729941887E-02
    0.3499275829E+01    0.1709817307E-02
    0.8621477279E+01    0.6900357400E-02
    0.1508617591E+02    0.4402552730E-01
    0.1523972085E+02    0.1484765507E-01
    0.1670397694E+02    0.4033757072E-01
    0.2874185043E+01    0.3181241227E-02
    0.3624714705E+01    0.2333257506E-02
    0.8851767991E+01    0.6315939257E-02
    0.1521425867E+02    0.1835946152E-01
    0.1535157274E+02    0.8824955415E-02
    0.1675433876E+02    0.4375971612E-01
    0.2839214225E+01    0.3213438204E-02
    0.3480241802E+01    0.2325260395E-02
    0.9181867428E+01    0.6588731299E-02
    0.1515330033E+02    0.1908560912E-01
    0.1531829996E+02    0.1097849635E-01
    0.1686390621E+02    0.5461519359E-01
    0.2815561163E+01    0.3499851250E-02
    0.3611482292E+01    0.3256474125E-02
    0.9342289696E+01    0.6705921149E-02
    0.1522136400E+02    0.1556959294E-01
    0.1542362374E+02    0.8252603148E-02
    0.1692310798E+02    0.6156336186E-01
    0.2799895707E+01    0.3850089439E-02
    0.3412101044E+01    0.2853983314E-02
    0.9576874689E+01    0.7520620068E-02
    0.1518174076E+02    0.1629688661E-01
    0.1536693073E+02    0.7880986490E-02
    0.1696907983E+02    0.7304712935E-01
    0.2773416715E+01    0.3948304144E-02
    0.3531033318E+01    0.3735709245E-02
    0.9666266406E+01    0.7818260785E-02
    0.1522288799E+02    0.1541126155E-01
    0.1544044937E+02    0.8517892154E-02
    0.1704106170E+02    0.8476504782E-01
    0.2780521490E+01    0.4030390923E-02
    0.3346849421E+01    0.2810664539E-02
    0.9769418508E+01    0.7613201471E-02
    0.1519473622E+02    0.1755358775E-01
    0.1537595191E+02    0.8684969587E-02
    0.1702283901E+02    0.8151289881E-01
    0.2768700224E+01    0.4138856929E-02
    0.3455341197E+01    0.3066822320E-02
    0.9784115468E+01    0.7995211818E-02
    0.1523206296E+02    0.1723642628E-01
    0.1540611373E+02    0.8560994386E-02
    0.1710610773E+02    0.1024083467E+00
    0.2789297237E+01    0.4323629494E-02
    0.3339772544E+01    0.2771234631E-02
    0.9733060236E+01    0.7000572142E-02
    0.1519745821E+02    0.1755850433E-01
    0.1534775041E+02    0.9366762721E-02
    0.1703045939E+02    0.8160639320E-01
    0.2787638700E+01    0.4426047643E-02
    0.3454055236E+01    0.2698852601E-02
    0.9674961182E+01    0.7404086683E-02
    0.1525051428E+02    0.1451625297E-01
    0.1532654254E+02    0.1004249436E-01
    0.1711412563E+02    0.1002228567E+00
    0.2805451185E+01    0.3474939843E-02
    0.3408013800E+01    0.2382263256E-02
    0.9471301669E+01    0.7685633430E-02
    0.1517260343E+02    0.1759178726E-01
    0.1530023168E+02    0.1102807714E-01
    0.1698561175E+02    0.7835333932E-01
    0.2789526796E+01    0.3909231843E-02
    0.3552556775E+01    0.2350534555E-02
    0.9350118858E+01    0.6962501393E-02
    0.1520803660E+02    0.1752281117E-01
    0.1527080567E+02    0.1196342707E-01
    0.1705142722E+02    0.8791371487E-01
    0.2790251700E+01    0.3539548841E-02
    0.3520326239E+01    0.1817501363E-02
    0.9013834724E+01    0.6720033758E-02
    0.1508531867E+02    0.3550641646E-01
    0.1526319630E+02    0.1240529667E-01
    0.1687404473E+02    0.6270111580E-01
    0.2730918630E+01    0.3610485763E-02
    0.3712178968E+01    0.2213423345E-02
    0.8843192396E+01    0.6103739297E-02
    0.1505595703E+02    0.5781519202E-01
    0.1528186940E+02    0.1115317097E-01
    0.1690374321E+02    0.7138711966E-01
    0.2701056172E+01    0.3008365034E-02
    0.3621457189E+01    0.1660288007E-02
    0.8395149141E+01    0.7002267657E-02
    0.1493936962E+02    0.1137465837E+00
    0.1522333913E+02    0.1615784887E-01
    0.1669215789E+02    0.4150002218E-01
    0.2586519954E+01    0.4054105302E-02
    0.3850739984E+01    0.2100763613E-02
    0.8191644009E+01    0.8645427231E-02
    0.1487507544E+02    0.1663398836E+00
    0.1526775237E+02    0.1368793800E-01
    0.1667746170E+02    0.4555663515E-01
    0.2518483011E+01    0.3945451183E-02
    0.3649399177E+01    0.1199253681E-02
    0.7640261430E+01    0.4017217500E-01
    0.1475309539E+02    0.2339610033E+00
    0.1514141265E+02    0.4080880226E-01
    0.1647019170E+02    0.2788245443E-01
    0.2358550409E+01    0.4869891401E-02
    0.3873642359E+01    0.1525916285E-02
    0.7434777200E+01    0.6004323581E-01
    0.1467244025E+02    0.3218922656E+00
    0.1518844018E+02    0.3417111332E-01
    0.1642681589E+02    0.3044802850E-01
    0.2258505145E+01    0.4531857009E-02
    0.3542205575E+01    0.7832116065E-03
    0.6776710083E+01    0.1103266742E+00
    0.1454216550E+02    0.3996717654E+00
    0.1496602612E+02    0.1195527600E+00
    0.1627984336E+02    0.2336033052E-01
    0.2078773970E+01    0.4363106414E-02
    0.3679736513E+01    0.8674675340E-03
    0.6641029784E+01    0.1238172406E+00
    0.1446151243E+02    0.4773771429E+00
    0.1497379308E+02    0.1029034340E+00
    0.1625455673E+02    0.2466591387E-01
    0.1972839667E+01    0.3351755274E-02
    0.3223001471E+01    0.5483867611E-03
    0.5877062698E+01    0.1990061781E+00
    0.1432957264E+02    0.5593180345E+00
    0.1467348915E+02    0.2814150500E+00
    0.1618044692E+02    0.2527932693E-01
    0.2776999626E+01    0.1094859072E-02
    0.2776999626E+01    0.1075813704E-02
    0.6340975314E+01    0.1432969546E+00
    0.1480482406E+02    0.1802801215E+00
    0.1480482406E+02    0.1827840565E+00
    0.1620825094E+02    0.2549112716E-01
    0.2715717326E+01    0.1729161936E-02
    0.3003773102E+01    0.7695028804E-03
    0.6481303186E+01    0.1531435702E+00
    0.1477789407E+02    0.2011239784E+00
    0.1487801866E+02    0.1372021126E+00
    0.1621460214E+02    0.2372377512E-01
    0.2912304339E+01    0.1303099436E-02
    0.3006382683E+01    0.1169221250E-02
    0.7030945036E+01    0.6069418794E-01
    0.1504280115E+02    0.6421282211E-01
    0.1505748419E+02    0.5963429631E-01
    0.1625010269E+02    0.2265961869E-01
    0.2870191135E+01    0.2120300068E-02
    0.3306818534E+01    0.1108552343E-02
    0.7224411280E+01    0.6516963212E-01
    0.1499503858E+02    0.9237056875E-01
    0.1514590995E+02    0.3962752900E-01
    0.1628605695E+02    0.2089467630E-01
    0.2978751970E+01    0.2011521103E-02
    0.3311262356E+01    0.1450698215E-02
    0.7710644969E+01    0.3164179168E-01
    0.1526173089E+02    0.1538422375E-01
    0.1528766228E+02    0.1791876513E-01
    0.1632204299E+02    0.1683798172E-01
    0.2965636096E+01    0.2445229080E-02
    0.3546872526E+01    0.1693889326E-02
    0.7929720407E+01    0.2030199990E-01
    0.1518522995E+02    0.3224024867E-01
    0.1531784507E+02    0.1311771093E-01
    0.1643862726E+02    0.2455230521E-01
    0.2977537639E+01    0.2871361355E-02
    0.3590380393E+01    0.2890160130E-02
    0.8334491565E+01    0.8885588280E-02
    0.1540076489E+02    0.1013545815E-01
    0.1544028496E+02    0.6522701778E-02
    0.1648656523E+02    0.2366728531E-01
    0.2973613424E+01    0.2970818129E-02
    0.3703475141E+01    0.3659495027E-02
    0.8562748356E+01    0.7211615461E-02
    0.1528072589E+02    0.1484896554E-01
    0.1542434770E+02    0.8083365765E-02
    0.1666273074E+02    0.3598680153E-01
    0.2927794145E+01    0.3470418818E-02
    0.3765938845E+01    0.6735539550E-02
    0.8886160012E+01    0.7217921248E-02
    0.1539227728E+02    0.8739438817E-02
    0.1556654045E+02    0.6152565651E-02
    0.1672798433E+02    0.4292840162E-01
    0.2927082865E+01    0.3231239875E-02
    0.3750669486E+01    0.5370866379E-02
    0.9101003364E+01    0.6912573841E-02
    0.1527435455E+02    0.1361460021E-01
    0.1551901263E+02    0.6423468563E-02
    0.1688892207E+02    0.6105432197E-01
    0.2863973374E+01    0.4365664454E-02
    0.3805262873E+01    0.9873309955E-02
    0.9348158702E+01    0.7243950067E-02
    0.1533422823E+02    0.1215440318E-01
    0.1563602183E+02    0.5978722215E-02
    0.1696924049E+02    0.8101352424E-01
    0.2876653791E+01    0.3679198672E-02
    0.3696487593E+01    0.6632957034E-02
    0.9513746534E+01    0.6591393933E-02
    0.1524249966E+02    0.1461220417E-01
    0.1557221047E+02    0.7174389971E-02
    0.1706900585E+02    0.9640414942E-01
    0.2823353515E+01    0.4627035406E-02
    0.3729430912E+01    0.1146140578E-01
    0.9686170394E+01    0.9408124624E-02
    0.1527997339E+02    0.1304250198E-01
    0.1564934499E+02    0.6023748625E-02
    0.1716285640E+02    0.1254533845E+00
    0.2859551792E+01    0.4103300994E-02
    0.3593917103E+01    0.6683017527E-02
    0.9758440889E+01    0.1002504403E-01
    0.1521997796E+02    0.1686262821E-01
    0.1557651390E+02    0.7638532502E-02
    0.1718730364E+02    0.1271998890E+00
    0.2825203299E+01    0.5025170230E-02
    0.3610646165E+01    0.9122142764E-02
    0.9854471660E+01    0.1605092059E-01
    0.1525407964E+02    0.1350607945E-01
    0.1561057424E+02    0.5890378056E-02
    0.1729097747E+02    0.1687228677E+00
    0.2877203706E+01    0.4102059232E-02
    0.3525589334E+01    0.4754896004E-02
    0.9797273019E+01    0.1051806404E-01
    0.1521677434E+02    0.1802075598E-01
    0.1553607024E+02    0.7253753213E-02
    0.1724004190E+02    0.1385332477E+00
    0.2856360231E+01    0.4572068433E-02
    0.3547085158E+01    0.6339221284E-02
    0.9818700319E+01    0.1129241665E-01
    0.1526118049E+02    0.1424848610E-01
    0.1552605759E+02    0.7002207194E-02
    0.1734370357E+02    0.1767175934E+00
    0.2901318564E+01    0.3885627136E-02
    0.3557098027E+01    0.3986918874E-02
    0.9619050782E+01    0.7864535643E-02
    0.1522536318E+02    0.1532934581E-01
    0.1546129417E+02    0.7312667419E-02
    0.1721983598E+02    0.1367846861E+00
    0.2878332590E+01    0.4184524838E-02
    0.3609732663E+01    0.5162942836E-02
    0.9576158487E+01    0.7919722949E-02
    0.1529150941E+02    0.1178025798E-01
    0.1540308915E+02    0.8583496038E-02
    0.1730813897E+02    0.1680960873E+00
    0.2898490417E+01    0.3662074041E-02
    0.3686936211E+01    0.3869265457E-02
    0.9245205310E+01    0.6528086444E-02
    0.1521016740E+02    0.1795655235E-01
    0.1538225384E+02    0.8723829826E-02
    0.1711392173E+02    0.1109148469E+00
    0.2849917158E+01    0.3885531699E-02
    0.3787879448E+01    0.5410179624E-02
    0.9156593299E+01    0.6865860090E-02
    0.1524860382E+02    0.2055474273E-01
    0.1532912064E+02    0.9711731206E-02
    0.1717165503E+02    0.1348516547E+00
    0.2833951846E+01    0.2895727090E-02
    0.3853017044E+01    0.3944589492E-02
    0.8716988466E+01    0.6431779628E-02
    0.1510676442E+02    0.4585155146E-01
    0.1535389473E+02    0.9548113435E-02
    0.1691654885E+02    0.8177087876E-01
    0.2747257014E+01    0.3331173131E-02
    0.3985098163E+01    0.6265410282E-02
    0.8610721310E+01    0.6365377786E-02
    0.1506911026E+02    0.6395476886E-01
    0.1535601526E+02    0.8835806170E-02
    0.1693765143E+02    0.8600434911E-01
    0.2689114377E+01    0.3234731385E-02
    0.3958098469E+01    0.3426378221E-02
    0.8083450194E+01    0.1182773459E-01
    0.1493686890E+02    0.1190811747E+00
    0.1533471640E+02    0.1215618713E-01
    0.1665225876E+02    0.4573967937E-01
    0.2573178505E+01    0.3761847928E-02
    0.4060569987E+01    0.4222222560E-02
    0.8006812194E+01    0.1512845216E-01
    0.1487272139E+02    0.1673086632E+00
    0.1533609469E+02    0.1271625026E-01
    0.1665216179E+02    0.4723850085E-01
    0.2480043616E+01    0.3975972435E-02
    0.3889401401E+01    0.1684844175E-02
    0.7407481513E+01    0.6152162877E-01
    0.1473992852E+02    0.2574524862E+00
    0.1523206688E+02    0.2718748125E-01
    0.1640452823E+02    0.3106313145E-01
    0.2999772768E+01    0.1587194377E-02
    0.2999772768E+01    0.1610667416E-02
    0.7590131675E+01    0.3711837958E-01
    0.1527569009E+02    0.1055448307E-01
    0.1527569009E+02    0.1194880116E-01
    0.1627539396E+02    0.1668602940E-01
    0.3011836287E+01    0.1929857042E-02
    0.3169427433E+01    0.1517493398E-02
    0.7639971127E+01    0.3484992851E-01
    0.1525179590E+02    0.1872233978E-01
    0.1531097496E+02    0.1103956318E-01
    0.1629084905E+02    0.2021494342E-01
    0.3027840212E+01    0.2181194432E-02
    0.3136027699E+01    0.2079555697E-02
    0.8168488109E+01    0.8742430501E-02
    0.1549018421E+02    0.4164913123E-02
    0.1549524629E+02    0.5791478532E-02
    0.1630422124E+02    0.1312364678E-01
    0.3061148666E+01    0.2615460540E-02
    0.3399604315E+01    0.2263082752E-02
    0.8225733086E+01    0.9767923308E-02
    0.1543255200E+02    0.9500278743E-02
    0.1549934836E+02    0.5043860137E-02
    0.1639209261E+02    0.1858253452E-01
    0.2999402556E+01    0.3369692621E-02
    0.3374186975E+01    0.3698596738E-02
    0.8699343828E+01    0.6221699571E-02
    0.1561121351E+02    0.7331449682E-02
    0.1566534073E+02    0.3964791037E-02
    0.1641987772E+02    0.1731475508E-01
    0.3027583094E+01    0.3272124345E-02
    0.3634368133E+01    0.5229263326E-02
    0.8759592163E+01    0.6782392724E-02
    0.1547174651E+02    0.9866508695E-02
    0.1564176277E+02    0.5870805485E-02
    0.1660659854E+02    0.3531730845E-01
    0.2933573479E+01    0.4872839249E-02
    0.3599501925E+01    0.7991315767E-02
    0.9166432285E+01    0.6319262703E-02
    0.1556331322E+02    0.9060520088E-02
    0.1578910044E+02    0.3983389147E-02
    0.1666915540E+02    0.4363303460E-01
    0.2955960350E+01    0.3976351868E-02
    0.3775329692E+01    0.9432526034E-02
    0.9228651871E+01    0.7045779336E-02
    0.1539910397E+02    0.1084931626E-01
    0.1574854257E+02    0.5128745517E-02
    0.1687388403E+02    0.7979203116E-01
    0.2863598778E+01    0.5125200312E-02
    0.3718794910E+01    0.1123115263E-01
    0.9563305403E+01    0.7232586840E-02
    0.1544300466E+02    0.9037142260E-02
    0.1585651461E+02    0.4188243855E-02
    0.1695916475E+02    0.1008761866E+00
    0.2895999129E+01    0.4474043950E-02
    0.3783107529E+01    0.1345962714E-01
    0.9611165305E+01    0.8929582785E-02
    0.1530624786E+02    0.1302094466E-01
    0.1580105405E+02    0.4782564942E-02
    0.1711911863E+02    0.1258859759E+00
    0.2825025748E+01    0.5849284187E-02
    0.3700472406E+01    0.1344686035E-01
    0.9869265700E+01    0.2235221973E-01
    0.1532956066E+02    0.1111647067E-01
    0.1586753843E+02    0.5173689710E-02
    0.1721695390E+02    0.1766840606E+00
    0.2882446196E+01    0.4777677284E-02
    0.3685596957E+01    0.1268193132E-01
    0.9867855753E+01    0.2427287427E-01
    0.1523736648E+02    0.1446095063E-01
    0.1579960722E+02    0.5884995911E-02
    0.1730591655E+02    0.1824224866E+00
    0.2835788158E+01    0.5372640068E-02
    0.3586459822E+01    0.1346736439E-01
    0.1004513365E+02    0.5685262813E-01
    0.1526003197E+02    0.1307900446E-01
    0.1582554387E+02    0.5153130943E-02
    0.1740947041E+02    0.2312155768E+00
    0.2914200126E+01    0.4986091825E-02
    0.3568995264E+01    0.1029563011E-01
    0.9954524413E+01    0.2899442938E-01
    0.1520909220E+02    0.1639307033E-01
    0.1574962621E+02    0.6105374991E-02
    0.1741810485E+02    0.2314903305E+00
    0.2882624833E+01    0.5584045809E-02
    0.3478239846E+01    0.9561609177E-02
    0.1005152620E+02    0.5700675929E-01
    0.1524351468E+02    0.1418956604E-01
    0.1573643626E+02    0.5133121585E-02
    0.1751819274E+02    0.2760245824E+00
    0.2956880207E+01    0.4368713353E-02
    0.3538297013E+01    0.8640838797E-02
    0.9846501489E+01    0.1536252335E-01
    0.1521782254E+02    0.1554113448E-01
    0.1565927855E+02    0.6132682708E-02
    0.1744372842E+02    0.2377269777E+00
    0.2928114697E+01    0.4580209930E-02
    0.3485026424E+01    0.8348975232E-02
    0.9874216119E+01    0.1873523585E-01
    0.1526827851E+02    0.1333902860E-01
    0.1560773983E+02    0.6262824495E-02
    0.1752772149E+02    0.2716931412E+00
    0.2977759774E+01    0.3812767730E-02
    0.3638898203E+01    0.7739463100E-02
    0.9553786813E+01    0.9586760292E-02
    0.1524282500E+02    0.1441664382E-01
    0.1554116080E+02    0.6687815074E-02
    0.1737057552E+02    0.1995791970E+00
    0.2932268865E+01    0.3871063396E-02
    0.3641378340E+01    0.6830999996E-02
    0.9535073638E+01    0.7748749740E-02
    0.1531198201E+02    0.1035468122E-01
    0.1544761751E+02    0.7506023081E-02
    0.1742643796E+02    0.2195761868E+00
    0.2948773699E+01    0.3455574381E-02
    0.3824229591E+01    0.8173875308E-02
    0.9117570692E+01    0.6653009411E-02
    0.1523494808E+02    0.1990155718E-01
    0.1543178780E+02    0.8763322475E-02
    0.1719339350E+02    0.1468440989E+00
    0.2871500456E+01    0.3947585835E-02
    0.3862550500E+01    0.9163060164E-02
    0.9087648073E+01    0.6691290536E-02
    0.1526465499E+02    0.2122719132E-01
    0.1535129335E+02    0.9693691633E-02
    0.1721741937E+02    0.1631363302E+00
    0.2848375927E+01    0.3161453436E-02
    0.3979748830E+01    0.7344101521E-02
    0.8600876169E+01    0.6795795752E-02
    0.1511652624E+02    0.4622393431E-01
    0.1539231568E+02    0.8109833304E-02
    0.1693114697E+02    0.9150220257E-01
    0.3022977159E+01    0.2852586522E-02
    0.3022977159E+01    0.3059787262E-02
    0.8692338411E+01    0.5837364499E-02
    0.1570035056E+02    0.2037153453E-02
    0.1570035056E+02    0.1981403638E-02
    0.1627994663E+02    0.7831149081E-02
    0.3060619564E+01    0.3114403374E-02
    0.3177645778E+01    0.2851418668E-02
    0.8689490518E+01    0.5819664057E-02
    0.1564406613E+02    0.4925546010E-02
    0.1569707949E+02    0.3165116375E-02
    0.1635145080E+02    0.1155332328E-01
    0.2969172101E+01    0.4571735106E-02
    0.3078319505E+01    0.4395770571E-02
    0.9180691452E+01    0.5146910765E-02
    0.1582202900E+02    0.3647923942E-02
    0.1587222684E+02    0.1888476501E-02
    0.1632207499E+02    0.8925235201E-02
    0.3007673937E+01    0.4300030761E-02
    0.3362150462E+01    0.6094070734E-02
    0.9155664123E+01    0.5767176526E-02
    0.1564204990E+02    0.7918878882E-02
    0.1586396362E+02    0.3258434727E-02
    0.1652681427E+02    0.2957077981E-01
    0.2886538704E+01    0.6445343391E-02
    0.3248931073E+01    0.7872543223E-02
    0.9597537708E+01    0.6075126701E-02
    0.1573106219E+02    0.6317485953E-02
    0.1599409954E+02    0.2136390465E-02
    0.1655824713E+02    0.3353369212E-01
    0.2917940473E+01    0.5485738580E-02
    0.3556293835E+01    0.8454281024E-02
    0.9554619287E+01    0.7257378815E-02
    0.1551874096E+02    0.9388531295E-02
    0.1597405729E+02    0.2984877375E-02
    0.1680404926E+02    0.7081853204E-01
    0.2808545519E+01    0.6640903881E-02
    0.3414832361E+01    0.1126286632E-01
    0.9934617459E+01    0.1749545363E-01
    0.1554926207E+02    0.7582682480E-02
    0.1606079295E+02    0.3270806393E-02
    0.1687273267E+02    0.8408824245E-01
    0.2851723898E+01    0.5771617211E-02
    0.3649876744E+01    0.1232726147E-01
    0.9877884704E+01    0.2202295042E-01
    0.1536911252E+02    0.1242789610E-01
    0.1602454791E+02    0.3483810416E-02
    0.1709200552E+02    0.1391935014E+00
    0.2770452326E+01    0.7221919363E-02
    0.3484016941E+01    0.1297567897E-01
    0.1018408340E+02    0.6112897092E-01
    0.1537736865E+02    0.1117516059E-01
    0.1607153543E+02    0.4386625948E-02
    0.1717483053E+02    0.1545885837E+00
    0.2843222798E+01    0.5924725108E-02
    0.3615152667E+01    0.1313199507E-01
    0.1010279913E+02    0.5760561469E-01
    0.1525056912E+02    0.1400308009E-01
    0.1601863158E+02    0.4891248541E-02
    0.1733721947E+02    0.2206889896E+00
    0.2789590574E+01    0.6929303933E-02
    0.3439508708E+01    0.1282854573E-01
    0.1032501209E+02    0.1015390020E+00
    0.1526118971E+02    0.1279651519E-01
    0.1602862899E+02    0.4081069245E-02
    0.1742263445E+02    0.2429816469E+00
    0.2889022999E+01    0.5522447346E-02
    0.3506687596E+01    0.1235654977E-01
    0.1019392410E+02    0.7731733866E-01
    0.1518856185E+02    0.1620576455E-01
    0.1596178903E+02    0.4406508671E-02
    0.1751037312E+02    0.2829307015E+00
    0.2852193508E+01    0.6731834526E-02
    0.3347259682E+01    0.1188184643E-01
    0.1032942480E+02    0.1442575060E+00
    0.1521502992E+02    0.1459376217E-01
    0.1593690834E+02    0.4576483701E-02
    0.1758852612E+02    0.3220860815E+00
    0.2949213124E+01    0.4978093583E-02
    0.3437476924E+01    0.1009126297E-01
    0.1012348453E+02    0.7588624611E-01
    0.1518277444E+02    0.1877532476E-01
    0.1586123386E+02    0.5046834977E-02
    0.1759152450E+02    0.3421141463E+00
    0.2920818790E+01    0.5766910322E-02
    0.3320637550E+01    0.8552387176E-02
    0.1018316307E+02    0.9987597079E-01
    0.1522672208E+02    0.1588180238E-01
    0.1580338254E+02    0.5494168085E-02
    0.1765109504E+02    0.3883889992E+00
    0.2992243445E+01    0.4544548386E-02
    0.3491172208E+01    0.8393092818E-02
    0.9892454462E+01    0.2776790591E-01
    0.1521319666E+02    0.1659809774E-01
    0.1572598798E+02    0.5260734433E-02
    0.1756577839E+02    0.3147794385E+00
    0.2955599586E+01    0.4827815282E-02
    0.3434245560E+01    0.7086618950E-02
    0.9902198031E+01    0.2370785564E-01
    0.1526868303E+02    0.1257162158E-01
    0.1563680867E+02    0.5671429824E-02
    0.1759645509E+02    0.3279158382E+00
    0.3002646102E+01    0.3861645306E-02
    0.3651868143E+01    0.8175120202E-02
    0.9535974210E+01    0.8046438326E-02
    0.1524872821E+02    0.1462139753E-01
    0.1556997331E+02    0.6665111558E-02
    0.1742775220E+02    0.2298513021E+00
    0.2893780253E+01    0.7516950981E-02
    0.2893780253E+01    0.7662082883E-02
    0.9654193980E+01    0.5194898340E-02
    0.1604194695E+02    0.1158334167E-02
    0.1604194695E+02    0.1013901855E-02
    0.1618756846E+02    0.5657874815E-02
    0.2916461206E+01    0.6343437515E-02
    0.3070177976E+01    0.6769764006E-02
    0.9621288917E+01    0.5442587476E-02
    0.1581215218E+02    0.4457529726E-02
    0.1604713722E+02    0.2214028844E-02
    0.1642169386E+02    0.1783992077E-01
    0.2795005514E+01    0.9152212837E-02
    0.2894380701E+01    0.8935647921E-02
    0.1005550112E+02    0.8000574459E-02
    0.1591311390E+02    0.3516832804E-02
    0.1616326656E+02    0.5385018303E-02
    0.1638754118E+02    0.2587937382E-01
    0.2823960175E+01    0.8224306501E-02
    0.3207874850E+01    0.1071206357E-01
    0.9980857972E+01    0.1258541526E-01
    0.1564290686E+02    0.8168809590E-02
    0.1616726311E+02    0.5020804236E-02
    0.1667532665E+02    0.5699501985E-01
    0.2707768186E+01    0.1059742223E-01
    0.3020767075E+01    0.1063490530E-01
    0.1035875157E+02    0.5257605590E-01
    0.1566674788E+02    0.6944413788E-02
    0.1623093560E+02    0.1701719324E-01
    0.1670918789E+02    0.6909467376E-01
    0.2757899532E+01    0.8426226269E-02
    0.3352948122E+01    0.1153489898E-01
    0.1024940337E+02    0.5354875460E-01
    0.1544057095E+02    0.1066525270E-01
    0.1621936941E+02    0.8541439177E-02
    0.1697818404E+02    0.1118458666E+00
    0.2668374349E+01    0.1057001711E-01
    0.3157274077E+01    0.1240762509E-01
    0.1055425683E+02    0.1098450135E+00
    0.1544067424E+02    0.1069458271E-01
    0.1624356363E+02    0.2161423646E-01
    0.1703242764E+02    0.1039373258E+00
    0.2759580888E+01    0.7806551564E-02
    0.3411467893E+01    0.1405634709E-01
    0.1041791289E+02    0.1001870325E+00
    0.1527308745E+02    0.1324753539E-01
    0.1621218272E+02    0.9721849314E-02
    0.1726307877E+02    0.1664098935E+00
    0.2694277074E+01    0.9935199663E-02
    0.3225028691E+01    0.1315693499E-01
    0.1063534507E+02    0.1812589946E+00
    0.1527929206E+02    0.1305869757E-01
    0.1620235794E+02    0.1289732613E-01
    0.1731949520E+02    0.1712712022E+00
    0.2823513071E+01    0.7303195429E-02
    0.3377992016E+01    0.1451984916E-01
    0.1047086553E+02    0.1567598944E+00
    0.1517388526E+02    0.1684569054E-01
    0.1615199868E+02    0.6211214005E-02
    0.1748929424E+02    0.2491782826E+00
    0.2770910662E+01    0.8673326369E-02
    0.3225746937E+01    0.1333819270E-01
    0.1059597894E+02    0.2074343747E+00
    0.1520066460E+02    0.1350514982E-01
    0.1611083110E+02    0.4946483658E-02
    0.1753620031E+02    0.2593170715E+00
    0.2902512365E+01    0.6535439783E-02
    0.3332755645E+01    0.1199888380E-01
    0.1039421997E+02    0.1654134405E+00
    0.1514647490E+02    0.1882263989E-01
    0.1604520580E+02    0.4080087538E-02
    0.1762715929E+02    0.3562791890E+00
    0.2859936885E+01    0.7379886290E-02
    0.3231807193E+01    0.1087709059E-01
    0.1043841292E+02    0.2045966898E+00
    0.1519330620E+02    0.1486736140E-01
    0.1597495667E+02    0.3944746534E-02
    0.1765325837E+02    0.3606667048E+00
    0.2956993093E+01    0.5487340301E-02
    0.3369512500E+01    0.9236730006E-02
    0.1019135203E+02    0.1016455617E+00
    0.1517006296E+02    0.2039650976E-01
    0.1589968268E+02    0.5145984971E-02
    0.1765550303E+02    0.3987515840E+00
    0.2682707779E+01    0.1147531712E-01
    0.2682707779E+01    0.1197760624E-01
    0.1045361464E+02    0.3756584820E-01
    0.1600769784E+02    0.4868173695E-02
    0.1628565837E+02    0.2169039411E-01
    0.1628565837E+02    0.2128135223E-01
    0.2701420552E+01    0.1135647534E-01
    0.2871155194E+01    0.1017040510E-01
    0.1040226853E+02    0.4260345615E-01
    0.1576509836E+02    0.5897738570E-02
    0.1630026520E+02    0.2321735252E-01
    0.1653061255E+02    0.5274842714E-01
    0.2586831688E+01    0.1128509123E-01
    0.2671228387E+01    0.1199915487E-01
    0.1074222889E+02    0.1315381433E+00
    0.1578876317E+02    0.5522994902E-02
    0.1635592979E+02    0.3735933371E-01
    0.1651203523E+02    0.5087894447E-01
    0.2641063780E+01    0.1192301338E-01
    0.2983624409E+01    0.1069039604E-01
    0.1063537529E+02    0.1154675960E+00
    0.1553146926E+02    0.9862906985E-02
    0.1636871797E+02    0.3933324485E-01
    0.1679707636E+02    0.7682802483E-01
    0.2545611522E+01    0.1255818709E-01
    0.2802828395E+01    0.1103723384E-01
    0.1089693920E+02    0.2441170626E+00
    0.1553619167E+02    0.9617229363E-02
    0.1637221992E+02    0.3712877197E-01
    0.1681586681E+02    0.8796564146E-01
    0.2655916708E+01    0.1088003554E-01
    0.3115988726E+01    0.1204184475E-01
    0.1074533595E+02    0.2194841894E+00
    0.1532541710E+02    0.1271818550E-01
    0.1636542845E+02    0.3800363503E-01
    0.1709247497E+02    0.1257688037E+00
    0.2577007742E+01    0.1230128777E-01
    0.2971947958E+01    0.1177207360E-01
    0.1091287130E+02    0.3070786715E+00
    0.1534219941E+02    0.1366089033E-01
    0.1633485922E+02    0.4010129245E-01
    0.1711654826E+02    0.1260005581E+00
    0.2736896802E+01    0.1029890030E-01
    0.3202155717E+01    0.1261786194E-01
    0.1073309909E+02    0.2568570254E+00
    0.1519174838E+02    0.1632165581E-01
    0.1630579742E+02    0.2355233504E-01
    0.1735504803E+02    0.1897679613E+00
    0.2665357766E+01    0.1063379809E-01
    0.3112409450E+01    0.1151215422E-01
    0.1080320760E+02    0.2554068168E+00
    0.1523317150E+02    0.1337339474E-01
    0.1624614547E+02    0.2444101865E-01
    0.1736960956E+02    0.1914990061E+00
    0.2833147567E+01    0.8237734747E-02
    0.3256851999E+01    0.1252779676E-01
    0.1060898842E+02    0.2174934395E+00
    0.1513876474E+02    0.1858537620E-01
    0.1619668911E+02    0.8390608737E-02
    0.1754334337E+02    0.2742001600E+00
    0.2485348837E+01    0.1330008246E-01
    0.2485348837E+01    0.1271574467E-01
    0.1101649144E+02    0.3342668445E+00
    0.1581365890E+02    0.6627541492E-02
    0.1643013518E+02    0.4748903934E-01
    0.1643013518E+02    0.5065438538E-01
    0.2530356099E+01    0.1235539794E-01
    0.2658311539E+01    0.1220985868E-01
    0.1095299786E+02    0.3102786855E+00
    0.1562857430E+02    0.9141683072E-02
    0.1645053980E+02    0.5006937632E-01
    0.1662264106E+02    0.6178916737E-01
    0.2443556954E+01    0.1376456048E-01
    0.2516470010E+01    0.1381269712E-01
    0.1113879809E+02    0.5379823590E+00
    0.1565678960E+02    0.8997664261E-02
    0.1645126885E+02    0.5533583013E-01
    0.1658917045E+02    0.6640473217E-01
    0.2556433200E+01    0.1272612522E-01
    0.2792460736E+01    0.1056410887E-01
    0.1101328110E+02    0.4325786474E+00
    0.1542386260E+02    0.1241714188E-01
    0.1646793784E+02    0.5472935169E-01
    0.1686329356E+02    0.8634315378E-01
    0.2479755789E+01    0.1334238061E-01
    0.2712096375E+01    0.1031682876E-01
    0.1109693236E+02    0.5361967775E+00
    0.1547098774E+02    0.1239393189E-01
    0.1641904636E+02    0.5236104143E-01
    0.1685314482E+02    0.9237284084E-01
    0.2638903089E+01    0.1126195134E-01
    0.2995910230E+01    0.1185239848E-01
    0.1092941921E+02    0.3549365455E+00
    0.1527047704E+02    0.1571545625E-01
    0.1641364374E+02    0.4634880865E-01
    0.1713178736E+02    0.1348414720E+00
    0.2403549188E+01    0.1369551527E-01
    0.2403549188E+01    0.1368959956E-01
    0.1122618650E+02    0.7299339638E+00
    0.1572615695E+02    0.9495603423E-02
    0.1647787884E+02    0.5793030988E-01
    0.1647787884E+02    0.4812906294E-01
    0.2478784173E+01    0.1304403132E-01
    0.2552163902E+01    0.1271440359E-01
    0.1115787447E+02    0.6357499151E+00
    0.1555848741E+02    0.1134066355E-01
    0.1650015656E+02    0.5836056799E-01
    0.1665641766E+02    0.7690253881E-01
    0.2573673430E+01    0.2967380039E-02
    0.3480004714E+01    0.9368504342E-03
    0.6867006327E+01    0.9359079846E-01
    0.1473036777E+02    0.2344010908E+00
    0.1505469158E+02    0.6818392389E-01
    0.1626124847E+02    0.2415010372E-01
    0.2769074336E+01    0.2568941241E-02
    0.3697825964E+01    0.1689920208E-02
    0.7595322451E+01    0.4201930591E-01
    0.1493185702E+02    0.1185907605E+00
    0.1526260356E+02    0.1764661606E-01
    0.1641413610E+02    0.2853570024E-01
    0.2909951307E+01    0.2780229084E-02
    0.3757492162E+01    0.3097496760E-02
    0.8284629519E+01    0.9332694775E-02
    0.1510048197E+02    0.5051260974E-01
    0.1534989903E+02    0.1053189167E-01
    0.1665145081E+02    0.4170945328E-01
    0.2962660092E+01    0.3163732045E-02
    0.3720197567E+01    0.3841971396E-02
    0.8887221833E+01    0.6734175578E-02
    0.1519086362E+02    0.2191860014E-01
    0.1541033900E+02    0.8089636108E-02
    0.1688608345E+02    0.6603466811E-01
    0.2952056761E+01    0.3341024014E-02
    0.3632227418E+01    0.4196045188E-02
    0.9365695412E+01    0.7277219482E-02
    0.1520372084E+02    0.1585908230E-01
    0.1548521349E+02    0.7997823517E-02
    0.1706110969E+02    0.9747123164E-01
    0.2930983444E+01    0.3542769686E-02
    0.3537325376E+01    0.4067726665E-02
    0.9679007974E+01    0.8396135176E-02
    0.1519295715E+02    0.1751303590E-01
    0.1554103071E+02    0.7226014924E-02
    0.1716241501E+02    0.1152946188E+00
    0.2924782545E+01    0.3625646302E-02
    0.3493923136E+01    0.3948226083E-02
    0.9788877366E+01    0.9422325201E-02
    0.1518689708E+02    0.1962976877E-01
    0.1556069690E+02    0.6233243272E-02
    0.1719480739E+02    0.1254874106E+00
    0.3003968017E+01    0.2454800796E-02
    0.3541231611E+01    0.1794604765E-02
    0.7816586748E+01    0.2534445789E-01
    0.1518143703E+02    0.3593397230E-01
    0.1537384386E+02    0.7775467556E-02
    0.1639161917E+02    0.2207150023E-01
    0.3092796770E+01    0.2999440246E-02
    0.3693451070E+01    0.4368532640E-02
    0.8395166268E+01    0.9213747209E-02
    0.1531291546E+02    0.1520275596E-01
    0.1549650549E+02    0.6674773638E-02
    0.1660539902E+02    0.4035719145E-01
    0.3083291237E+01    0.3348137827E-02
    0.3779970483E+01    0.7460587382E-02
    0.8927445199E+01    0.6753857066E-02
    0.1531180050E+02    0.1287000213E-01
    0.1561605222E+02    0.5666812366E-02
    0.1686472941E+02    0.7730430307E-01
    0.3026242300E+01    0.3442091450E-02
    0.3780593803E+01    0.9954200159E-02
    0.9379682331E+01    0.6883201336E-02
    0.1525086915E+02    0.1482350218E-01
    0.1571838658E+02    0.6001436266E-02
    0.1709415476E+02    0.1126121253E+00
    0.2991736523E+01    0.3982664454E-02
    0.3701797825E+01    0.1144496136E-01
    0.9709423014E+01    0.1158843768E-01
    0.1519246735E+02    0.1873577398E-01
    0.1577688536E+02    0.5726726058E-02
    0.1725933290E+02    0.1613791365E+00
    0.3001764042E+01    0.4156376632E-02
    0.3606192519E+01    0.1030257686E-01
    0.9871222091E+01    0.1907406008E-01
    0.1516046351E+02    0.2024396567E-01
    0.1578811459E+02    0.6121300332E-02
    0.1735046365E+02    0.1923851203E+00
    0.3023045611E+01    0.3682372971E-02
    0.3584216785E+01    0.9889285349E-02
    0.9835471711E+01    0.1483769476E-01
    0.1516166848E+02    0.2106304245E-01
    0.1575475689E+02    0.6513675958E-02
    0.1736419077E+02    0.2090761023E+00
    0.3043055598E+01    0.3547263579E-02
    0.3656378690E+01    0.9352797084E-02
    0.9604707928E+01    0.7959304200E-02
    0.1518927019E+02    0.1909015501E-01
    0.1568161704E+02    0.6381071468E-02
    0.1729482515E+02    0.1628258054E+00
    0.3065116792E+01    0.3613953864E-02
    0.3765295412E+01    0.8406692401E-02
    0.9212307501E+01    0.7424742202E-02
    0.1522319016E+02    0.1651006137E-01
    0.1557831338E+02    0.5829919419E-02
    0.1713702018E+02    0.1250446790E+00
    0.3039629060E+01    0.3114748606E-02
    0.3858010466E+01    0.6745021627E-02
    0.8708335794E+01    0.7189005057E-02
    0.1521676376E+02    0.2321091734E-01
    0.1547527264E+02    0.7092635252E-02
    0.1689918646E+02    0.8158594763E-01
    0.2930114522E+01    0.2514959474E-02
    0.3865922873E+01    0.4348836079E-02
    0.8149247264E+01    0.1200099870E-01
    0.1510636747E+02    0.4985886789E-01
    0.1540381202E+02    0.8805418227E-02
    0.1662598992E+02    0.4534870675E-01
    0.3133950567E+01    0.3548812318E-02
    0.3507895369E+01    0.4513835628E-02
    0.8720145505E+01    0.7098196291E-02
    0.1549385849E+02    0.9387263858E-02
    0.1568428760E+02    0.4862178609E-02
    0.1655935162E+02    0.3219804891E-01
    0.3082329547E+01    0.3825094233E-02
    0.3673887018E+01    0.7985975778E-02
    0.9171127148E+01    0.6647470641E-02
    0.1542363601E+02    0.1075363904E-01
    0.1584852763E+02    0.4915683304E-02
    0.1680744482E+02    0.7190509478E-01
    0.2992282989E+01    0.4212422547E-02
    0.3780734235E+01    0.1149095260E-01
    0.9561436347E+01    0.7620818899E-02
    0.1530587903E+02    0.1307027849E-01
    0.1596372386E+02    0.4649488568E-02
    0.1706587796E+02    0.1193328202E+00
    0.2948119250E+01    0.4705256354E-02
    0.3770261241E+01    0.1412623055E-01
    0.9863338455E+01    0.2341520983E-01
    0.1519772317E+02    0.1733255218E-01
    0.1602158194E+02    0.4961277472E-02
    0.1728531186E+02    0.1881459159E+00
    0.2970446270E+01    0.4344831472E-02
    0.3677341094E+01    0.1336924465E-01
    0.1003710626E+02    0.4483043108E-01
    0.1512928898E+02    0.2243052643E-01
    0.1602426155E+02    0.4467459021E-02
    0.1743915815E+02    0.2531208413E+00
    0.3012950763E+01    0.4469754356E-02
    0.3604942789E+01    0.1481183407E-01
    0.1004733677E+02    0.5369062494E-01
    0.1511112939E+02    0.2509436131E-01
    0.1597742752E+02    0.5109566057E-02
    0.1751205471E+02    0.3085072125E+00
    0.3039237901E+01    0.3828119054E-02
    0.3630009865E+01    0.1321124743E-01
    0.9884174976E+01    0.2851158791E-01
    0.1513654221E+02    0.2546720258E-01
    0.1588744949E+02    0.5310328087E-02
    0.1749298754E+02    0.2746851580E+00
    0.3080371049E+01    0.3709248096E-02
    0.3714073809E+01    0.1138589218E-01
    0.9571273571E+01    0.8628802584E-02
    0.1518626990E+02    0.2030677146E-01
    0.1576162293E+02    0.6099876418E-02
    0.1737561305E+02    0.2062325758E+00
    0.3102841274E+01    0.3507715998E-02
    0.3808530705E+01    0.9764202873E-02
    0.9158166637E+01    0.6559097203E-02
    0.1523099869E+02    0.1683704499E-01
    0.1561341710E+02    0.7185920723E-02
    0.1716632676E+02    0.1309842388E+00
    0.2972399792E+01    0.5254701455E-02
    0.3455330596E+01    0.7311928316E-02
    0.9556400635E+01    0.7107924785E-02
    0.1553550396E+02    0.8728710699E-02
    0.1605125753E+02    0.3242136685E-02
    0.1672660255E+02    0.5544930901E-01
    0.2887114203E+01    0.5789644425E-02
    0.3604287684E+01    0.9795886255E-02
    0.9886219498E+01    0.2034410571E-01
    0.1537176152E+02    0.1359002072E-01
    0.1618221376E+02    0.4919764856E-02
    0.1697625395E+02    0.9965211070E-01
    0.2854359012E+01    0.6254650848E-02
    0.3676194682E+01    0.1276324572E-01
    0.1013263728E+02    0.4710668626E-01
    0.1521557053E+02    0.1491620385E-01
    0.1624349075E+02    0.7028220824E-02
    0.1722583024E+02    0.1725619403E+00
    0.2900497966E+01    0.5903538576E-02
    0.3642397790E+01    0.1372888252E-01
    0.1027460357E+02    0.8442571304E-01
    0.1510678861E+02    0.2135840749E-01
    0.1624077065E+02    0.7579204762E-02
    0.1743283271E+02    0.2435450701E+00
    0.2969598864E+01    0.5373880105E-02
    0.3576487611E+01    0.1337643534E-01
    0.1028726153E+02    0.1014858336E+00
    0.1506205302E+02    0.2755143289E-01
    0.1618299815E+02    0.5312439555E-02
    0.1756648464E+02    0.3281628833E+00
    0.2996234716E+01    0.4092765958E-02
    0.3583070911E+01    0.1216429953E-01
    0.1015937174E+02    0.7498332004E-01
    0.1507560842E+02    0.2802415819E-01
    0.1607824282E+02    0.4469063305E-02
    0.1760613399E+02    0.3709150657E+00
    0.3027627544E+01    0.4051427175E-02
    0.3646681738E+01    0.1117408470E-01
    0.9906638897E+01    0.3085285029E-01
    0.1512609640E+02    0.2897036760E-01
    0.1593432058E+02    0.5120542601E-02
    0.1754116757E+02    0.2961641797E+00
    0.2759597063E+01    0.9111547514E-02
    0.3300505283E+01    0.1153270028E-01
    0.1027417165E+02    0.5371863852E-01
    0.1545316594E+02    0.1029417707E-01
    0.1633167293E+02    0.2526749458E-01
    0.1685888661E+02    0.7852602945E-01
    0.2753778713E+01    0.8572500860E-02
    0.3418947413E+01    0.1163696751E-01
    0.1046469996E+02    0.1065924254E+00
    0.1525805595E+02    0.1547382680E-01
    0.1641492328E+02    0.3869048068E-01
    0.1709322060E+02    0.1309417273E+00
    0.2836249345E+01    0.8554769473E-02
    0.3472137326E+01    0.1276198118E-01
    0.1054679420E+02    0.1571653857E+00
    0.1511150663E+02    0.1715730682E-01
    0.1641612512E+02    0.3551621048E-01
    0.1732892583E+02    0.1824113333E+00
    0.2943163805E+01    0.7777210364E-02
    0.3474815645E+01    0.1357018568E-01
    0.1051784243E+02    0.2233911832E+00
    0.1503776037E+02    0.2530510887E-01
    0.1635285017E+02    0.1738017783E-01
    0.1751387768E+02    0.2665765538E+00
    0.2984131679E+01    0.5815134614E-02
    0.3513078410E+01    0.1307853918E-01
    0.1038244776E+02    0.1518900940E+00
    0.1503331168E+02    0.2701579740E-01
    0.1623710903E+02    0.6269459064E-02
    0.1761268300E+02    0.3638344893E+00
    0.2660205132E+01    0.1107646846E-01
    0.3072236572E+01    0.1199957353E-01
    0.1078360420E+02    0.2447248949E+00
    0.1533279914E+02    0.1441717708E-01
    0.1650158481E+02    0.6038905200E-01
    0.1694109563E+02    0.9734199242E-01
    0.2771392828E+01    0.9412723676E-02
    0.3199050140E+01    0.1206633516E-01
    0.1079984527E+02    0.3104494904E+00
    0.1516402160E+02    0.1568715939E-01
    0.1653188704E+02    0.6006965598E-01
    0.1715290633E+02    0.1273777244E+00
    0.2889720081E+01    0.9218389638E-02
    0.3333616857E+01    0.1404760135E-01
    0.1070094114E+02    0.2947757888E+00
    0.1506495671E+02    0.2007077537E-01
    0.1647375278E+02    0.4774985678E-01
    0.1736471272E+02    0.1941447499E+00
    0.2677691953E+01    0.1102502404E-01
    0.2926103620E+01    0.1190253239E-01
    0.1097269769E+02    0.4631964241E+00
    0.1527492320E+02    0.1725272803E-01
    0.1655808979E+02    0.6196241591E-01
    0.1696883224E+02    0.1086547224E+00
    0.3162330087E+01    0.3647731667E-02
    0.3766702375E+01    0.7277726263E-02
    0.8865485176E+01    0.7419294834E-02
    0.1532545368E+02    0.1189410353E-01
    0.1565693862E+02    0.6859679461E-02
    0.1685525044E+02    0.8103756871E-01
    0.3118726675E+01    0.3738638397E-02
    0.3810733039E+01    0.1063422686E-01
    0.9306299494E+01    0.7023611192E-02
    0.1525420181E+02    0.1601043168E-01
    0.1581294079E+02    0.5929996302E-02
    0.1710771661E+02    0.1246744488E+00
    0.3049603242E+01    0.3742800811E-02
    0.3796424913E+01    0.1241897082E-01
    0.9674914747E+01    0.1066458498E-01
    0.1516887917E+02    0.2047212304E-01
    0.1593364144E+02    0.4276068451E-02
    0.1730766285E+02    0.1836390284E+00
    0.3032290449E+01    0.4002486723E-02
    0.3727789328E+01    0.1391016102E-01
    0.9923737029E+01    0.3333859434E-01
    0.1510499916E+02    0.2848065360E-01
    0.1600762836E+02    0.4992407464E-02
    0.1743191341E+02    0.2398039116E+00
    0.3042589073E+01    0.3944377445E-02
    0.3683559668E+01    0.1306674276E-01
    0.1001214959E+02    0.4484420890E-01
    0.1508149368E+02    0.3156396101E-01
    0.1603236053E+02    0.4883554649E-02
    0.1747366851E+02    0.2771140548E+00
    0.3029926009E+01    0.4394377595E-02
    0.3775276748E+01    0.9932284445E-02
    0.9544881065E+01    0.7703373325E-02
    0.1530311254E+02    0.1301004525E-01
    0.1603544924E+02    0.4893156430E-02
    0.1703872027E+02    0.1164189739E+00
    0.2958857647E+01    0.4368232765E-02
    0.3849600860E+01    0.1319314403E-01
    0.9858092806E+01    0.2454353655E-01
    0.1516981299E+02    0.1892894160E-01
    0.1617428449E+02    0.4578150797E-02
    0.1725365165E+02    0.1779611413E+00
    0.2961643444E+01    0.4718771361E-02
    0.3833605930E+01    0.1491629641E-01
    0.1008147758E+02    0.5519704958E-01
    0.1506373593E+02    0.3050424126E-01
    0.1625260986E+02    0.5356903257E-02
    0.1742155168E+02    0.2489758196E+00
    0.3011797001E+01    0.4717214045E-02
    0.3774207220E+01    0.1359890985E-01
    0.1018216374E+02    0.8130499091E-01
    0.1500880259E+02    0.3426092728E-01
    0.1626975282E+02    0.6295924730E-02
    0.1752181643E+02    0.3331393599E+00
    0.3018461603E+01    0.4174468719E-02
    0.3773244067E+01    0.1432822899E-01
    0.1013886476E+02    0.7515466659E-01
    0.1501340693E+02    0.3703211453E-01
    0.1622930107E+02    0.5168488065E-02
    0.1754146118E+02    0.3514770469E+00
    0.3005425670E+01    0.3798373537E-02
    0.3823552728E+01    0.1296782000E-01
    0.9956070555E+01    0.3515968532E-01
    0.1507013260E+02    0.3244421038E-01
    0.1613528602E+02    0.4259729041E-02
    0.1747462334E+02    0.2609219714E+00
    0.3053812532E+01    0.3706068384E-02
    0.3839923194E+01    0.1142900543E-01
    0.9663960370E+01    0.1216580263E-01
    0.1515969260E+02    0.2367398086E-01
    0.1599294695E+02    0.4479624170E-02
    0.1732434946E+02    0.1891707635E+00
    0.2851479846E+01    0.6144802174E-02
    0.3712673057E+01    0.1181481779E-01
    0.1014158139E+02    0.4659730274E-01
    0.1519904394E+02    0.1622262215E-01
    0.1635341478E+02    0.1710745885E-01
    0.1716059586E+02    0.1408332943E+00
    0.2898049178E+01    0.6764022056E-02
    0.3768089311E+01    0.1397643291E-01
    0.1030856332E+02    0.9814663602E-01
    0.1505232751E+02    0.2456349880E-01
    0.1645078546E+02    0.3141774546E-01
    0.1733940745E+02    0.2026721862E+00
    0.3002511100E+01    0.6936172571E-02
    0.3752575103E+01    0.1589617872E-01
    0.1037533442E+02    0.1238924103E+00
    0.1496338078E+02    0.3098476130E-01
    0.1646827192E+02    0.2152107356E-01
    0.1748445752E+02    0.2804309063E+00
    0.3045853279E+01    0.5943487390E-02
    0.3752969885E+01    0.1427978576E-01
    0.1033333111E+02    0.1217043832E+00
    0.1494396252E+02    0.3476047603E-01
    0.1641479193E+02    0.1024052391E-01
    0.1756587962E+02    0.3609031907E+00
    0.3007929192E+01    0.4130140347E-02
    0.3803321078E+01    0.1496907390E-01
    0.1018658247E+02    0.8212262723E-01
    0.1498641890E+02    0.3692680887E-01
    0.1630045315E+02    0.6114519847E-02
    0.1756430810E+02    0.3660286948E+00
    0.2845879607E+01    0.8487956860E-02
    0.3521636777E+01    0.1357383080E-01
    0.1056974828E+02    0.1746736390E+00
    0.1508429332E+02    0.1956296553E-01
    0.1655844289E+02    0.5503846261E-01
    0.1722657768E+02    0.1583108639E+00
    0.2996857672E+01    0.9740051450E-02
    0.3594517011E+01    0.1417199046E-01
    0.1057083447E+02    0.2034008837E+00
    0.1496616859E+02    0.2722759272E-01
    0.1659955563E+02    0.6064169747E-01
    0.1737712844E+02    0.1880435218E+00
    0.3075302499E+01    0.1010808414E-01
    0.3669377444E+01    0.1577646984E-01
    0.1048484062E+02    0.1809831077E+00
    0.1492143197E+02    0.3103659563E-01
    0.1654430989E+02    0.3559862998E-01
    0.1750425010E+02    0.2888855282E+00
    0.2926742026E+01    0.1022727027E-01
    0.3371455172E+01    0.1343555528E-01
    0.1072878699E+02    0.3005038684E+00
    0.1503326430E+02    0.2407404970E-01
    0.1662911599E+02    0.6664506525E-01
    0.1724694460E+02    0.1573921994E+00
    0.2948672378E+01    0.4632143704E-02
    0.3903716388E+01    0.1419227833E-01
    0.1009577635E+02    0.6072417105E-01
    0.1503846610E+02    0.2910734399E-01
    0.1634450719E+02    0.8662014158E-02
    0.1740575704E+02    0.2332474969E+00
    0.3016593858E+01    0.5366742148E-02
    0.3887636039E+01    0.1512547980E-01
    0.1025198734E+02    0.9061012241E-01
    0.1494499032E+02    0.3843122617E-01
    0.1645255939E+02    0.1402090104E-01
    0.1750432886E+02    0.3396580241E+00
    0.3069762577E+01    0.5621778107E-02
    0.3859339380E+01    0.1559079216E-01
    0.1030684860E+02    0.1147437608E+00
    0.1491117436E+02    0.3650431048E-01
    0.1648926845E+02    0.1223168352E-01
    0.1753850209E+02    0.3757512443E+00
    0.3023808793E+01    0.8452736315E-02
    0.3824921311E+01    0.1637062258E-01
    0.1040262156E+02    0.1234342949E+00
    0.1492531676E+02    0.3241631652E-01
    0.1659393380E+02    0.4315703396E-01
    0.1743077046E+02    0.2448317747E+00
    0.3139411546E+01    0.1097319695E-01
    0.3839085546E+01    0.1674976601E-01
    0.1041969485E+02    0.1535606001E+00
    0.1486172617E+02    0.3426793032E-01
    0.1664170388E+02    0.4664010377E-01
    0.1749779024E+02    0.3353461269E+00
    0.3118011835E+01    0.7952840564E-02
    0.3872425261E+01    0.1742087022E-01
    0.1036702765E+02    0.1318736161E+00
    0.1487084206E+02    0.3436230977E-01
    0.1658990479E+02    0.2273813398E-01
    0.1752747952E+02    0.3840839936E+00
    0.3130270441E+01    0.1244116823E-01
    0.3728037478E+01    0.1572569030E-01
    0.1051629110E+02    0.2015740746E+00
    0.1487821761E+02    0.3280286121E-01
    0.1668628569E+02    0.7468728330E-01
    0.1743212711E+02    0.2485801348E+00
    0.3208414348E+01    0.1346315721E-01
    0.3864978543E+01    0.1751922477E-01
    0.1043078667E+02    0.1563232619E+00
    0.1482524724E+02    0.3420356282E-01
    0.1670808514E+02    0.6462892290E-01
    0.1749676096E+02    0.3675975581E+00
